-1.09051950000000e+02
0.00000000000000e+00
6.24885510000000e+02
-2.67214760000000e+03
-8.99271340000000e+02
1.96042880000000e+03
4.06815940000000e+02
-3.99452840000000e+02
-2.47194730000000e+02
2.00120080000000e+02
7.37880720000000e+01
-3.03962880000000e+01
-2.17923360000000e+01
3.39192920000000e+00
6.93488750000000e+00
4.95595570000000e-01
-2.65705080000000e+00
-7.96733150000000e-01
1.08061650000000e+00
6.51034020000000e-01
-4.56687920000000e-01
-4.38715970000000e-01
1.71377580000000e-01
2.68276380000000e-01
-5.29146170000000e-02
-1.52271340000000e-01
8.39196220000000e-03
8.18979000000000e-02
5.52767680000000e-03
-4.19845480000000e-02
-7.79136720000000e-03
2.04212340000000e-02
6.34453430000000e-03
-9.32089100000000e-03
-4.28252700000000e-03
3.90710300000000e-03
2.59706490000000e-03
-1.43934510000000e-03
-1.46003620000000e-03
4.08110630000000e-04
7.71543970000000e-04
-3.01268110000000e-05
-3.85087340000000e-04
-7.58746050000000e-05
1.81179260000000e-04
8.26825220000000e-05
-7.95832320000000e-05
-6.19886090000000e-05
3.18926160000000e-05
3.98119720000000e-05
-1.10111200000000e-05
-2.32840700000000e-05
2.68290200000000e-06
1.27083060000000e-05
1.67686700000000e-07
-6.54106420000000e-06
-8.44635940000000e-07
3.18365330000000e-06
7.84339260000000e-07
-1.45978750000000e-06
-5.53775300000000e-07
6.22857710000000e-07
3.43420400000000e-07
-2.40187530000000e-07
-1.95949590000000e-07
7.74926350000000e-08
1.04879470000000e-07
-1.50869460000000e-08
-5.30731070000000e-08
-4.83540130000000e-09
2.54125110000000e-08
8.55094760000000e-09
-1.14460660000000e-08
-7.14921240000000e-09
4.77327380000000e-09
4.83707240000000e-09
-1.77508740000000e-09
-2.92775200000000e-09
5.28692580000000e-10
1.64302730000000e-09
-6.74902680000000e-11
-8.67989690000000e-10
-6.83213310000000e-11
4.34069290000000e-10
8.43352860000000e-11
-2.05267860000000e-10
-6.54824660000000e-11
9.10408800000000e-11
4.28722790000000e-11
-3.71154580000000e-11
-2.54506500000000e-11
1.32449010000000e-11
1.40869830000000e-11
-3.53918150000000e-12
-7.35677830000000e-12
9.15409990000000e-14
3.63791340000000e-12
8.18309830000000e-13
-1.69847950000000e-12
-8.30862740000000e-13
7.40662530000000e-13
6.09617530000000e-13
-2.94071800000000e-13
-3.88079620000000e-13
9.96384540000000e-14
2.26298500000000e-13
-2.26208720000000e-14
-1.23566510000000e-13
-3.35881540000000e-15
6.37590090000000e-14
9.16887710000000e-15
-3.11426260000000e-14
-8.20543390000000e-15
1.43305360000000e-14
5.75058740000000e-15
-6.12702870000000e-15
-3.56991190000000e-15
2.35628770000000e-15
2.04626850000000e-15
-7.46356660000000e-16
-1.10205040000000e-15
1.28396220000000e-16
5.61375170000000e-16
6.63712390000000e-17
-2.70543990000000e-16
-9.91416570000000e-17
1.22486070000000e-16
8.11303940000000e-17
-5.11646630000000e-17
-5.46887420000000e-17
1.88940640000000e-17
3.31802280000000e-17
-5.45939250000000e-18
-1.87357830000000e-17
6.03336520000000e-19
9.96556020000000e-18
8.54262940000000e-19
-5.01297200000000e-18
-1.04294610000000e-18
2.32423010000000e-18
8.41207660000000e-19
-9.91786470000000e-19
-5.18500130000000e-19
4.05075480000000e-19
3.15810880000000e-19
-1.64931750000000e-19
-2.06037170000000e-19
5.62208420000000e-20
1.02894800000000e-19
-1.15859890000000e-20
-2.98917050000000e-20
-4.72996640000000e-21
1.80454810000000e-20
-9.69251260000000e-22
3.55302390000000e-21
-2.59162870000000e-20
-8.51120610000000e-21
1.26664390000000e-20
2.96358370000000e-21
-1.13025150000000e-20
-2.50378380000000e-21
1.43209280000000e-20
-9.86618510000000e-21
-1.46340990000000e-21
2.32771120000000e-20
-1.37663960000000e-20
-3.00263440000000e-20
1.52539930000000e-21
-4.61345660000000e-21
2.41595450000000e-22
1.00363520000000e-20
-1.31358010000000e-20
-1.48455940000000e-21
1.16067270000000e-20
-1.60482180000000e-20
-1.12662090000000e-20
1.38979750000000e-20
-4.56727260000000e-21
-4.45910780000000e-21
6.54563530000000e-21
-2.90371590000000e-21
-1.81435000000000e-20
-1.00847390000000e-21
-7.20065140000000e-21
5.10113100000000e-21
6.04247680000000e-21
-2.72758240000000e-21
1.88874490000000e-21
-3.24912500000000e-21
5.80677600000000e-21
-1.89031000000000e-21
1.15524940000000e-20
-7.28361780000000e-21
-3.61904490000000e-21
9.77018210000000e-21
-7.26496940000000e-21
-2.02789220000000e-21
1.62609150000000e-21
-2.75923430000000e-21
-5.85524230000000e-21
1.59669970000000e-20
-1.82021600000000e-21
-7.27272270000000e-21
-2.98844190000000e-21
-3.51202760000000e-21
1.85245000000000e-21
1.41028410000000e-21
-3.36757960000000e-21
-4.52796330000000e-21
6.55308580000000e-22
-6.03844680000000e-22
-2.52329740000000e-21
-7.43659200000000e-21
4.24033090000000e-21
-2.64764530000000e-21
-1.01349900000000e-21
-1.09890340000000e-21
3.89030440000000e-21
3.50901310000000e-21
5.01777340000000e-21
-2.55820090000000e-21
-2.60143570000000e-21
-1.83393920000000e-21
-4.93037510000000e-21
-5.12939140000000e-21
3.31137170000000e-21
7.34493950000000e-22
-9.17459380000000e-22
-1.67715890000000e-22
-1.55308180000000e-21
3.72588370000000e-21
8.70832800000000e-22
-9.43685130000000e-22
2.23942010000000e-21
-3.18662670000000e-22
-1.02785950000000e-21
-2.06071180000000e-21
5.11560420000000e-22
1.65897610000000e-21
-3.98078470000000e-22
-3.55449840000000e-21
-1.44150130000000e-21
-1.27847430000000e-21
1.00211480000000e-21
-4.05000300000000e-21
2.42731500000000e-21
-1.73239030000000e-21
4.72501040000000e-23
-1.23096790000000e-21
-4.11756250000000e-21
2.24358410000000e-21
-4.77503530000000e-21
-1.64649510000000e-21
-4.57432590000000e-21
2.03083120000000e-22
1.32151470000000e-21
2.10250480000000e-23
3.98079830000000e-21
-7.05212080000000e-22
2.73986050000000e-21
1.60765510000000e-21
2.65865370000000e-21
-2.63666640000000e-21
6.12596970000000e-21
4.36141990000000e-21
-1.95354530000000e-21
-3.08517290000000e-21
-1.04221360000000e-21
2.15497830000000e-21
1.74063280000000e-21
2.36463120000000e-21
-4.37248140000000e-22
-2.15814150000000e-21
3.16435780000000e-21
-2.30256800000000e-21
-1.07903120000000e-21
-2.86985690000000e-22
-4.95472520000000e-22
1.46371480000000e-22
6.48240790000000e-22
-3.68177170000000e-21
1.32589090000000e-21
9.63493550000000e-22
-1.95430690000000e-21
7.37787280000000e-22
1.85737860000000e-22
-1.06920890000000e-21
-1.32393600000000e-21
-1.67768200000000e-21
6.62874640000000e-22
2.78738320000000e-21
1.60317560000000e-21
-1.66304950000000e-21
1.54061370000000e-21
-1.19381680000000e-22
-1.06085260000000e-22
-1.20577560000000e-21
3.21578440000000e-22
2.69632690000000e-22
5.25371360000000e-22
5.30046320000000e-22
-1.10921670000000e-21
-8.53628660000000e-22
-1.02333490000000e-21
1.77236230000000e-21
-2.99002940000000e-22
-1.56188650000000e-22
5.97165640000000e-22
-2.59798100000000e-22
4.44366270000000e-22
-1.33422170000000e-21
3.85357860000000e-22
3.81111400000000e-23
-8.90484470000000e-22
-1.03377010000000e-21
-8.41975010000000e-22
-1.42442880000000e-21
-1.07363680000000e-21
1.13148810000000e-21
1.09561050000000e-21
-9.01144610000000e-22
-8.55154250000000e-22
-1.09025680000000e-21
-1.03227700000000e-21
2.59178770000000e-22
8.86187700000000e-22
-7.91499980000000e-22
1.91870570000000e-22
-5.18081760000000e-23
-2.18381490000000e-21
1.14443750000000e-21
4.11791160000000e-22
3.89697080000000e-22
4.51029370000000e-22
3.42732560000000e-22
-8.63578530000000e-22
9.19312280000000e-22
7.58527870000000e-22
-3.39965800000000e-22
1.34972190000000e-22
-4.39144640000000e-22
-9.98913510000000e-22
-9.13936170000000e-22
-3.35467690000000e-22
-3.50276970000000e-22
6.80096520000000e-22
8.69306210000000e-22
-8.50730140000000e-22
6.84633860000000e-22
2.18833660000000e-23
-6.65461740000000e-25
8.27478990000000e-23
-5.41398110000000e-23
3.45252280000000e-22
1.90690920000000e-22
7.50776180000000e-23
-6.41894490000000e-22
-1.30965240000000e-21
-7.73071610000000e-22
1.00738120000000e-23
8.45653600000000e-23
8.21069870000000e-22
-7.15781810000000e-22
-1.06128830000000e-22
2.63530140000000e-22
-2.72498870000000e-22
5.26563580000000e-22
5.16128570000000e-24
-4.37955520000000e-22
-5.93288820000000e-22
3.49599910000000e-22
-7.12555310000000e-22
-4.22706370000000e-22
3.49758240000000e-22
1.07218140000000e-21
-1.94193240000000e-22
4.03197230000000e-22
-7.44320770000000e-22
3.18748450000000e-22
-2.35046030000000e-22
-9.38823010000000e-23
1.38869360000000e-22
8.63940730000000e-25
5.62066990000000e-22
-6.04619450000000e-24
-4.61120320000000e-22
1.53328840000000e-22
-1.58336630000000e-22
-2.21084410000000e-22
-4.64078420000000e-23
7.46661350000000e-23
4.02363970000000e-22
9.33526650000000e-22
-1.54693970000000e-21
2.15288660000000e-22
-9.68213160000000e-23
1.66763160000000e-22
-1.99325890000000e-22
2.89309050000000e-22
2.65723740000000e-23
-4.40455490000000e-23
-3.93540880000000e-22
-6.48655260000000e-22
-1.49431370000000e-22
-1.12691140000000e-22
-3.61383980000000e-22
6.12365790000000e-23
-1.88916010000000e-22
3.21718760000000e-22
-2.80881160000000e-22
-7.43096890000000e-23
-2.40978680000000e-22
5.03266030000000e-22
4.86514950000000e-23
-2.09893270000000e-22
1.23513290000000e-22
1.12798060000000e-23
3.50993510000000e-22
-1.60167790000000e-22
-2.84741460000000e-23
-3.25325400000000e-22
3.77652250000000e-22
3.79439490000000e-22
6.39324140000000e-23
-2.28610700000000e-22
3.78860120000000e-22
-3.37102480000000e-22
-4.41549620000000e-22
1.87125440000000e-22
3.17027320000000e-22
-1.42691990000000e-22
-1.18372590000000e-23
-9.49545290000000e-23
-2.55673170000000e-23
1.17889100000000e-23
1.52875520000000e-23
-2.36081920000000e-22
-1.49570980000000e-22
4.08449600000000e-23
2.83640580000000e-22
-5.12887120000000e-23
-3.89745350000000e-23
4.50566140000000e-22
1.88387180000000e-22
-1.90716300000000e-22
3.72206130000000e-23
9.71780250000000e-23
-1.94851600000000e-22
-2.08838840000000e-22
2.36124380000000e-22
-2.55278650000000e-22
-2.69439850000000e-25
6.19383980000000e-23
-1.46027760000000e-22
-1.09751420000000e-22
-1.35162520000000e-22
1.18353450000000e-22
-3.18674400000000e-22
-3.12367350000000e-22
2.15560910000000e-22
1.88644300000000e-22
7.56690750000000e-23
1.21669960000000e-22
4.01604430000000e-23
-3.89114910000000e-23
-1.66015780000000e-22
-9.35988230000000e-23
1.59450590000000e-22
1.05833730000000e-22
-7.49670650000000e-23
3.20651390000000e-24
9.71663850000000e-23
-7.91645150000000e-24
1.93150140000000e-23
2.39696770000000e-22
3.47758220000000e-23
1.89069490000000e-23
-1.64917250000000e-24
-1.50790010000000e-22
6.50893300000000e-23
-3.33812510000000e-23
8.58317970000000e-23
3.05469000000000e-22
-2.68146470000000e-22
-4.56870320000000e-23
6.37231000000000e-23
3.08635920000000e-23
8.28869440000000e-23
1.50035120000000e-22
3.77781610000000e-22
1.71218220000000e-22
-1.17866080000000e-22
-1.57515840000000e-22
8.15499990000000e-23
-1.76973890000000e-22
-6.21554150000000e-23
1.05868070000000e-22
1.21279200000000e-22
8.66185430000000e-23
9.18883810000000e-23
-3.82864140000000e-22
-4.73431350000000e-23
4.96476140000000e-23
-1.27295670000000e-23
6.13163620000000e-23
8.69815670000000e-22
-2.32487960000000e-22
-3.88699470000000e-22
-2.34908150000000e-22
-2.13110250000000e-22
1.11365650000000e-23
5.40157230000000e-23
-1.57859810000000e-22
1.46716200000000e-22
1.70184110000000e-22
-1.92135470000000e-22
-8.09602140000000e-23
2.03444030000000e-22
-3.10497680000000e-22
4.70112770000000e-22
5.36345040000000e-22
-5.56271310000000e-23
-1.43996880000000e-23
5.75030550000000e-22
6.23931330000000e-24
-1.39921900000000e-22
1.53713130000000e-23
-2.80835150000000e-23
-2.86103760000000e-23
-2.92106630000000e-23
8.15264170000000e-24
1.11926980000000e-22
1.74758970000000e-22
7.63690630000000e-24
-2.12099170000000e-22
-1.04401020000000e-22
7.92948120000000e-23
9.47949730000000e-23
3.28296780000000e-24
6.96416990000000e-23
-8.73420850000000e-23
-2.57801080000000e-22
6.43645530000000e-23
9.70332810000000e-23
9.40856080000000e-23
1.30320040000000e-22
8.39435800000000e-23
-8.09008970000000e-23
-8.06986170000000e-24
2.67501360000000e-23
-8.85690290000000e-23
1.38866680000000e-22
8.80999210000000e-23
-5.10011340000000e-23
8.10356000000000e-23
2.11224430000000e-23
-3.34510390000000e-23
5.61861090000000e-24
-6.87571940000000e-23
-4.08011210000000e-23
-3.43840670000000e-23
1.94560180000000e-22
-4.80152730000000e-23
-1.51234370000000e-22
-4.84976560000000e-23
-3.58777800000000e-23
1.16841800000000e-22
2.53813850000000e-23
-1.37576300000000e-22
-9.27150560000000e-23
-5.14353190000000e-23
-1.28610640000000e-22
7.63657980000000e-23
1.07819890000000e-22
-4.43744010000000e-23
-2.69706890000000e-23
-2.22995820000000e-23
-3.92949740000000e-23
-4.37523970000000e-23
1.08238170000000e-22
-5.08739530000000e-23
3.75402020000000e-23
-1.37396780000000e-22
4.36776680000000e-24
9.72603640000000e-24
-8.26555110000000e-24
1.26522720000000e-22
2.26292600000000e-22
-8.54391560000000e-23
-1.19030550000000e-23
-3.49247710000000e-23
5.24935700000000e-23
-4.65978760000000e-23
1.12315890000000e-22
-5.40867670000000e-24
-1.17348780000000e-22
7.98920830000000e-23
-1.07421430000000e-22
-1.36193400000000e-23
-9.96876800000000e-24
4.43828810000000e-23
-6.64675510000000e-23
5.82860490000000e-23
2.58454680000000e-23
-4.91765640000000e-23
1.54451540000000e-23
-7.31724840000000e-23
-2.15726200000000e-23
1.51223650000000e-23
-9.21049620000000e-23
-5.39511980000000e-23
-6.35900660000000e-23
-2.42648840000000e-23
-5.60020390000000e-23
1.40595250000000e-22
8.88733880000000e-24
-2.11862720000000e-24
-5.86878340000000e-23
6.44499370000000e-24
1.74752170000000e-23
-3.59491090000000e-23
1.50396720000000e-23
9.53262650000000e-23
-1.71730120000000e-23
9.59873680000000e-24
-3.35407860000000e-23
-6.13480730000000e-23
-3.75878430000000e-23
-1.29254240000000e-23
4.28574930000000e-23
2.59904600000000e-24
3.99465090000000e-23
-5.35547150000000e-24
2.66982400000000e-23
-5.42272320000000e-24
-4.80793770000000e-24
-8.09717320000000e-24
-5.34574670000000e-23
-2.35421930000000e-23
3.46310160000000e-23
-8.69665170000000e-23
-1.08601820000000e-23
8.36584340000000e-23
-1.97825450000000e-23
-6.81133160000000e-23
-4.58764760000000e-23
-3.19676470000000e-23
1.09598830000000e-22
-2.80849030000000e-23
-1.16498490000000e-23
7.67263930000000e-23
6.29282680000000e-23
2.41030270000000e-23
-3.69790170000000e-23
3.55301190000000e-23
3.53517820000000e-23
-4.89968450000000e-24
-7.72830700000000e-23
-1.90113950000000e-23
2.51568580000000e-23
-7.53707990000000e-23
-3.14913000000000e-23
1.38247080000000e-24
1.07489760000000e-23
-2.46973790000000e-23
-4.63213340000000e-23
-1.02084340000000e-22
5.00962500000000e-23
2.96473950000000e-23
8.55406370000000e-25
-7.77487130000000e-24
3.96941910000000e-24
7.80771410000000e-24
-4.98550480000000e-23
2.72907990000000e-23
-1.15144340000000e-23
4.56860030000000e-23
-5.14033520000000e-26
-4.89358910000000e-23
1.56709570000000e-23
2.86954640000000e-23
2.45817530000000e-23
-2.45671970000000e-24
-1.81204740000000e-23
-5.20538680000000e-24
5.31503640000000e-23
-2.23227360000000e-24
-2.96977670000000e-23
9.72074450000000e-24
-2.49693860000000e-23
3.64103150000000e-23
3.97779180000000e-23
-2.41779960000000e-23
-7.30494120000000e-23
5.68078030000000e-23
-1.19812430000000e-23
-3.51723190000000e-23
5.94231030000000e-24
1.47730900000000e-23
-3.10086030000000e-24
-2.97909420000000e-23
-1.80163340000000e-23
-1.48209110000000e-23
-5.82316290000000e-24
1.96655670000000e-23
4.18791340000000e-24
-1.41533680000000e-23
-4.04406550000000e-23
6.30722450000000e-23
-2.91987900000000e-24
-8.99719970000000e-24
-8.97906150000000e-24
-1.85183580000000e-23
3.14259460000000e-23
-1.03395630000000e-23
1.77179630000000e-23
3.56660880000000e-23
-3.49484480000000e-23
-5.66811540000000e-23
-2.50987930000000e-24
-3.27249120000000e-23
2.77021680000000e-23
5.35705620000000e-23
5.53748490000000e-24
-1.95167820000000e-23
-1.48291360000000e-24
-5.18895850000000e-24
4.72928780000000e-23
-3.66195400000000e-23
-1.08882430000000e-23
6.22837750000000e-23
-3.16952060000000e-23
-1.11175440000000e-23
2.64446790000000e-23
4.38750160000000e-23
-2.41540460000000e-23
2.26861910000000e-23
-4.78063440000000e-23
-4.98985030000000e-23
2.55878560000000e-23
2.88240770000000e-23
-2.12319130000000e-23
-4.71907810000000e-23
-4.20263560000000e-23
1.53720550000000e-23
2.39465070000000e-23
7.53314430000000e-24
-1.78815620000000e-23
3.40466370000000e-23
3.52738740000000e-23
-3.04070370000000e-23
1.44977010000000e-23
1.51266030000000e-23
2.64724440000000e-23
-8.58709370000000e-24
-1.65460780000000e-23
4.11238490000000e-23
3.47084400000000e-23
4.40659180000000e-23
8.62293560000000e-23
1.10758520000000e-22
3.74343850000000e-23
7.18077440000000e-23
-2.53254410000000e-23
-2.33579460000000e-23
-1.19371700000000e-23
6.69430130000000e-23
-2.94673640000000e-23
4.76039830000000e-23
-6.99934610000000e-25
4.16830410000000e-23
-5.98517500000000e-23
-4.48961550000000e-23
5.70525880000000e-23
2.33152890000000e-23
6.53527970000000e-23
6.78035630000000e-23
-1.29261530000000e-23
-4.76738790000000e-24
-1.49631110000000e-23
6.04092930000000e-23
1.86325930000000e-23
1.70756630000000e-23
-9.91783170000000e-24
-4.50126730000000e-23
-2.14622260000000e-23
-2.32487760000000e-23
8.25532550000000e-24
-1.56263160000000e-23
9.89970370000000e-24
-1.63801520000000e-23
-1.66063550000000e-23
1.18330710000000e-23
2.19844020000000e-23
-1.37637230000000e-23
-2.38841300000000e-23
-1.93392750000000e-23
2.54417490000000e-24
-1.70362140000000e-24
3.28975640000000e-23
-4.78651090000000e-24
-3.54765920000000e-23
2.61724530000000e-23
3.27200760000000e-24
-3.98617900000000e-23
1.86552140000000e-24
8.05623060000000e-24
2.37298060000000e-23
5.30300540000000e-23
1.06619190000000e-23
-2.90670310000000e-23
-7.13070770000000e-24
-2.23499470000000e-24
1.83726010000000e-24
-1.17693090000000e-24
-9.61007930000000e-24
7.38837020000000e-24
-1.16617380000000e-23
-3.34959170000000e-24
-1.83728530000000e-23
-1.44600250000000e-23
-4.21644100000000e-24
1.97962630000000e-23
3.46236900000000e-23
4.60516310000000e-24
-4.26267050000000e-23
-5.80577530000000e-24
2.49804320000000e-23
1.81607370000000e-23
1.35815380000000e-23
-1.05167280000000e-23
1.40617140000000e-23
2.36561850000000e-24
1.97129780000000e-23
-1.48144260000000e-23
3.08483210000000e-23
-1.89294370000000e-23
-1.04600850000000e-23
-1.40988700000000e-23
-1.28823430000000e-23
-2.64046630000000e-23
3.32135430000000e-23
-2.34354000000000e-23
6.33151160000000e-24
1.37410660000000e-23
-1.30011590000000e-23
1.52777770000000e-23
-2.64551250000000e-24
-1.31526270000000e-23
1.32469680000000e-23
1.46053410000000e-24
-1.99454850000000e-23
-6.93175500000000e-24
-2.15940240000000e-23
2.99217790000000e-23
2.17456020000000e-24
-3.62829570000000e-24
1.19098150000000e-24
2.63735670000000e-23
3.67073420000000e-24
1.52630070000000e-23
3.02007480000000e-23
5.91779430000000e-24
1.13213450000000e-23
-4.85279930000000e-24
1.84106470000000e-23
2.70174940000000e-24
-9.17351660000000e-24
6.02372720000000e-24
-3.27124680000000e-24
-2.29690650000000e-23
-2.19097830000000e-23
-7.60958060000000e-24
-2.17813150000000e-24
-8.78995300000000e-24
-2.29116520000000e-23
-6.27342490000000e-24
-1.51438740000000e-23
-1.39221380000000e-23
-1.27456710000000e-23
-3.94468280000000e-24
1.63151490000000e-23
-6.72841730000000e-24
1.22956190000000e-23
-1.41363400000000e-23
-2.14756440000000e-24
-3.25023050000000e-23
-1.23894270000000e-23
9.15655440000000e-24
-2.36084130000000e-24
-1.67015430000000e-23
-3.99733830000000e-23
4.29256780000000e-24
-5.04320800000000e-25
4.01622470000000e-24
1.21237280000000e-23
-1.20580330000000e-23
-3.30056290000000e-24
2.57516320000000e-23
-5.59121040000000e-24
-2.65498130000000e-23
-2.28853540000000e-24
-9.50664960000000e-24
-1.98989870000000e-24
1.33871350000000e-23
1.46171170000000e-23
1.87142110000000e-24
6.15643970000000e-25
-5.70052850000000e-24
-4.12121550000000e-24
-1.07816690000000e-27
2.82471720000000e-23
-2.56485680000000e-23
1.19418950000000e-24
-8.21995180000000e-24
-7.00433930000000e-24
6.24049490000000e-24
-1.07867150000000e-23
-2.31644650000000e-23
1.53707660000000e-23
1.19868680000000e-24
-1.96168270000000e-23
1.16795410000000e-23
-7.89932020000000e-24
6.79587320000000e-24
5.53521420000000e-24
-6.91012470000000e-24
-8.56915200000000e-24
-7.44908170000000e-25
7.09329800000000e-24
6.98011090000000e-24
1.52791030000000e-23
-1.08830360000000e-23
-5.46368640000000e-24
-9.93820830000000e-24
-4.36608430000000e-24
1.80795990000000e-24
-1.66496770000000e-23
-1.87228320000000e-24
1.14061040000000e-23
-4.76975340000000e-24
1.54799780000000e-23
1.97870310000000e-23
-2.26094170000000e-23
6.46219180000000e-24
-5.03072800000000e-24
-1.93429840000000e-23
9.86497840000000e-24
7.28185960000000e-24
6.43391760000000e-24
1.90574560000000e-23
-3.02515900000000e-23
-1.09705030000000e-23
-2.94523040000000e-25
-6.18922980000000e-24
-2.63804810000000e-24
1.76672630000000e-23
6.35887950000000e-24
-6.46006820000000e-24
7.57945320000000e-24
3.00484660000000e-24
7.59986440000000e-25
-7.03216470000000e-24
1.25426890000000e-23
-8.54362970000000e-24
-5.40873100000000e-25
-9.26719030000000e-24
-1.09705080000000e-23
2.40787880000000e-24
3.71555280000000e-25
2.24787520000000e-23
-2.23675780000000e-24
7.39874670000000e-24
-5.27749490000000e-24
-6.06988120000000e-24
-5.35940770000000e-24
3.77123510000000e-24
1.55618290000000e-24
6.70082610000000e-24
1.22768020000000e-23
-1.47045630000000e-23
3.52600800000000e-24
3.93711760000000e-24
-8.35609700000000e-24
1.23409450000000e-24
-7.66746150000000e-24
-3.86834220000000e-24
-1.13965750000000e-23
1.05225400000000e-23
-5.99543370000000e-25
-5.37222400000000e-24
-1.15188550000000e-23
-1.30713620000000e-23
-1.38790680000000e-23
7.45864880000000e-24
-4.54106930000000e-26
2.59724080000000e-24
-8.29350140000000e-24
1.44208060000000e-23
-1.42391810000000e-23
-7.59990370000000e-24
1.42151260000000e-24
-9.35012920000000e-24
-2.06837240000000e-24
-4.61746420000000e-24
-9.56822160000000e-24
1.40190820000000e-23
5.49161030000000e-24
-1.75340280000000e-24
4.85921680000000e-24
-1.08102580000000e-23
-5.06969950000000e-24
1.60809780000000e-23
-1.31098670000000e-23
-2.48405360000000e-24
-1.41701050000000e-23
-2.33967390000000e-23
-2.81177140000000e-23
9.36796470000000e-24
-4.68397870000000e-24
3.02846100000000e-23
2.55860400000000e-23
-1.84697280000000e-23
-7.96775140000000e-24
-8.41089090000000e-24
-8.28772870000000e-24
9.05416470000000e-24
3.71514340000000e-23
-2.46995480000000e-23
-2.94521270000000e-23
-8.93895830000000e-24
-7.51930490000000e-23
-5.70676200000000e-23
9.06538430000000e-24
-1.53055200000000e-23
-1.29111610000000e-23
1.13666930000000e-23
-5.53073800000000e-24
1.02361940000000e-24
-1.26931820000000e-23
-2.70529490000000e-24
8.56453680000000e-24
2.68458560000000e-24
-1.00932640000000e-23
-2.37899780000000e-24
3.42596150000000e-24
4.94671990000000e-24
2.93370160000000e-24
-1.00379350000000e-23
-5.13686250000000e-24
7.42328820000000e-25
2.17865110000000e-24
1.59261640000000e-24
-3.93011270000000e-24
-9.11555620000000e-24
5.16269780000000e-24
-5.68954060000000e-24
-9.99995930000000e-24
-9.87887000000000e-24
-3.47612030000000e-24
-8.85506580000000e-24
-7.73315600000000e-25
1.51806340000000e-24
1.05749260000000e-25
-5.24048090000000e-24
-5.54894950000000e-24
1.40635640000000e-24
-3.55438570000000e-24
-1.73219970000000e-24
-1.08631910000000e-24
2.32647150000000e-24
-1.17697050000000e-24
-4.66911390000000e-25
3.10674020000000e-24
1.27778450000000e-24
-1.33945980000000e-23
-5.77226000000000e-24
9.78710760000000e-24
7.58209750000000e-24
-1.64291120000000e-24
-1.99558660000000e-25
5.07616570000000e-24
-4.85837810000000e-24
2.28319550000000e-24
-1.52294900000000e-24
-1.03925750000000e-23
2.66143790000000e-24
7.22152080000000e-24
1.63184500000000e-24
-5.00196710000000e-24
1.49595030000000e-23
6.31245540000000e-24
-1.69284130000000e-24
-6.55032730000000e-24
-2.21427980000000e-23
-2.41612950000000e-24
1.19181010000000e-23
7.63474780000000e-24
5.70676960000000e-24
-1.16208250000000e-23
-1.90950760000000e-24
5.62699880000000e-24
-9.87576130000000e-24
-3.94476260000000e-24
4.99830380000000e-24
5.40668320000000e-24
-5.91566020000000e-24
-3.26562760000000e-24
-2.32386690000000e-25
-1.56620720000000e-24
4.93791970000000e-24
-5.86010290000000e-25
1.49738400000000e-24
5.24010250000000e-24
2.99101930000000e-24
-1.28886360000000e-23
2.42270650000000e-24
3.70319180000000e-24
1.76633540000000e-25
2.07842350000000e-24
1.88397960000000e-24
-5.89226330000000e-24
1.06285920000000e-23
-5.18971630000000e-24
-5.10860770000000e-24
7.19283520000000e-24
-5.39577410000000e-24
-3.39777810000000e-24
2.51593970000000e-24
-1.17085770000000e-23
-3.00241940000000e-24
5.21979000000000e-24
-2.98333770000000e-24
-9.05184870000000e-24
9.53911310000000e-24
2.93881850000000e-24
-6.44782800000000e-25
-3.39797940000000e-24
-1.42491220000000e-24
8.64101870000000e-24
8.48104060000000e-24
-2.08016570000000e-24
6.77385580000000e-25
1.53642030000000e-24
1.50638820000000e-23
-3.77571490000000e-24
-1.10091660000000e-24
-3.40210710000000e-24
7.25340220000000e-24
-6.12064690000000e-24
2.82922390000000e-24
-4.49206880000000e-24
-4.20914590000000e-24
-6.02700450000000e-25
-3.43481230000000e-24
-3.16144190000000e-24
2.55965830000000e-24
1.03765600000000e-23
-4.13856780000000e-24
1.18365200000000e-24
-7.22936150000000e-24
-4.40677750000000e-24
4.13824820000000e-24
1.97397110000000e-24
-3.21373540000000e-24
6.74962430000000e-24
4.18455850000000e-24
-7.58933610000000e-24
-9.29812210000000e-26
1.80764810000000e-24
2.19556820000000e-24
-2.03693910000000e-24
-1.84996570000000e-24
-2.66599710000000e-24
1.00357340000000e-23
2.10554980000000e-25
4.57841980000000e-24
-1.85687980000000e-24
2.75834910000000e-24
-7.15830320000000e-24
-2.37451230000000e-24
-3.92492650000000e-24
2.70878940000000e-24
1.86014150000000e-24
-5.11558270000000e-25
-6.92553670000000e-24
2.33403910000000e-24
-7.42805000000000e-24
-3.54623290000000e-24
1.13039870000000e-24
4.03651760000000e-24
-5.59286140000000e-24
2.74348080000000e-24
-1.24056170000000e-24
-4.00018690000000e-24
-1.66388070000000e-24
2.38969960000000e-24
3.15603690000000e-24
1.14375960000000e-24
6.18710720000000e-24
5.21567570000000e-25
-1.84765500000000e-24
-4.07494040000000e-24
1.98145820000000e-24
4.86719070000000e-24
3.89205100000000e-24
1.00998270000000e-24
7.59076730000000e-25
-4.55774040000000e-24
-1.01897400000000e-24
-7.45118400000000e-24
6.09412440000000e-24
6.16731090000000e-25
-1.72528410000000e-24
-3.86768110000000e-24
-4.43445490000000e-24
-5.18317110000000e-24
9.94028310000000e-25
5.24398400000000e-24
4.09846250000000e-24
-6.96480190000000e-24
3.48148690000000e-24
-1.12212230000000e-24
-4.33431730000000e-26
1.08391490000000e-24
6.35234220000000e-24
1.83113960000000e-24
4.29469080000000e-24
3.86281270000000e-24
-4.82128210000000e-24
1.17159380000000e-24
5.34128270000000e-24
1.45868130000000e-25
-2.87735560000000e-24
-1.21915320000000e-24
3.11427620000000e-24
4.88324840000000e-24
3.25374880000000e-24
-6.35894920000000e-24
-1.71829480000000e-24
-2.54917330000000e-24
1.21156010000000e-24
4.82320890000000e-24
5.47498820000000e-24
1.15709380000000e-24
1.31674400000000e-24
-4.39831910000000e-24
-1.77952850000000e-25
4.69669510000000e-24
-1.80162460000000e-24
-2.74008020000000e-24
1.04080640000000e-23
1.21588470000000e-24
-1.03388380000000e-23
1.91936620000000e-24
2.42438490000000e-24
1.61705690000000e-24
7.39108560000000e-24
7.15808830000000e-25
-5.79435120000000e-24
-3.53301980000000e-25
1.21375290000000e-24
-4.62374130000000e-24
4.04402140000000e-24
7.02663410000000e-24
-1.67950080000000e-24
-1.54160790000000e-25
-6.36568290000000e-25
-1.04193190000000e-24
-8.21075120000000e-25
-9.61797150000000e-24
1.25918570000000e-23
6.38073600000000e-24
-1.51291630000000e-23
4.01248840000000e-24
6.24124800000000e-24
5.54796940000000e-24
1.28508580000000e-23
2.51893980000000e-24
1.69092390000000e-24
-4.26735110000000e-24
1.35824770000000e-24
-6.43282880000000e-24
-3.35842630000000e-24
4.40612460000000e-24
1.62399450000000e-24
1.69381760000000e-24
-2.00200400000000e-23
-2.83600890000000e-24
-9.22104780000000e-24
-1.05478880000000e-23
7.86124660000000e-24
1.57774480000000e-24
-1.50605000000000e-24
2.45596650000000e-24
-5.15052670000000e-24
-1.01016750000000e-25
2.44647130000000e-24
3.84156300000000e-24
1.23656010000000e-24
-2.74143800000000e-24
-2.17850770000000e-24
2.10551150000000e-24
-3.20166440000000e-25
2.36711500000000e-26
7.57697350000000e-24
-3.49953710000000e-25
2.75429490000000e-24
2.22338150000000e-24
-9.77223620000000e-25
2.05967190000000e-24
1.13057770000000e-24
1.88104100000000e-24
4.92561990000000e-24
1.05735070000000e-24
-1.55912330000000e-24
1.39698320000000e-24
-2.47020550000000e-24
9.48979500000000e-25
8.06402760000000e-24
3.80178360000000e-25
1.94644600000000e-24
3.26048920000000e-24
-4.10493430000000e-24
2.87400240000000e-24
3.10207740000000e-24
-2.26406960000000e-24
-2.10304090000000e-24
1.87549450000000e-24
3.42918530000000e-24
3.62552410000000e-25
1.49676130000000e-24
-9.11039050000000e-25
-3.09394950000000e-24
-9.18937400000000e-25
2.44742040000000e-24
-4.68116740000000e-25
-3.72662940000000e-24
1.14656110000000e-24
-9.24346430000000e-25
2.00708940000000e-24
-3.33675200000000e-24
-1.52430530000000e-24
6.46516440000000e-25
1.29296380000000e-24
1.18282880000000e-24
3.88247650000000e-24
2.56290920000000e-24
-2.34008310000000e-24
-3.01093950000000e-24
-1.08961380000000e-24
-1.93301810000000e-24
-9.73922040000000e-25
1.46190650000000e-24
1.56449000000000e-24
-1.81347950000000e-24
2.91516690000000e-24
2.06223320000000e-25
-2.09037400000000e-26
-9.12317210000000e-26
-9.94082310000000e-25
8.86194320000000e-25
1.21113430000000e-24
-9.86317320000000e-27
4.77015870000000e-24
-2.27712970000000e-25
4.15189060000000e-25
-7.87786930000000e-25
-5.54991330000000e-25
-4.08246940000000e-24
2.34944210000000e-25
3.91886060000000e-24
-2.52609590000000e-24
-1.04342950000000e-25
2.58670070000000e-24
-2.24374240000000e-24
-4.95055410000000e-24
-3.00553830000000e-24
2.55206680000000e-26
2.68230540000000e-24
1.21162070000000e-24
-3.13863730000000e-24
1.20071350000000e-24
6.87003770000000e-25
-2.03077920000000e-24
-1.83207620000000e-24
2.63763380000000e-24
2.07039080000000e-24
-3.76454460000000e-24
2.23546510000000e-24
-2.30530490000000e-24
7.52802880000000e-25
-2.98327250000000e-24
-2.47464230000000e-25
-1.73334790000000e-24
-2.45677490000000e-24
9.03411060000000e-25
-8.97810040000000e-25
-3.35780970000000e-24
-7.14670840000000e-25
-1.20231730000000e-24
1.94031940000000e-24
1.50279840000000e-24
4.23577940000000e-24
-1.33026630000000e-24
-1.89554980000000e-24
7.81231050000000e-25
2.76317030000000e-24
4.74886660000000e-25
3.44457170000000e-25
1.82298020000000e-24
-2.01332130000000e-24
-1.36776970000000e-24
-2.34968660000000e-24
-1.48658900000000e-24
5.07812800000000e-24
3.48640430000000e-25
8.85279460000000e-25
2.90005630000000e-25
-3.06041610000000e-24
1.76774870000000e-24
1.16452840000000e-24
-7.70906810000000e-25
-1.26350060000000e-24
1.33859170000000e-24
-1.05292080000000e-24
1.81411480000000e-24
2.45059900000000e-24
-2.76965280000000e-25
1.14649800000000e-24
-2.45168090000000e-24
-5.45387800000000e-25
2.83048870000000e-25
3.06796060000000e-24
6.07157150000000e-25
5.61918880000000e-25
-3.16823700000000e-25
3.25846360000000e-25
1.39987760000000e-24
-4.51850320000000e-25
6.38970050000000e-25
1.07817560000000e-24
-1.00614520000000e-24
-2.38726790000000e-24
8.85070640000000e-25
2.28827180000000e-25
-2.51723040000000e-24
-4.99608140000000e-24
-1.60098500000000e-24
-3.37296500000000e-24
5.67715340000000e-25
9.08832370000000e-25
-1.61338240000000e-24
-2.55115230000000e-25
1.18118390000000e-24
-1.79932920000000e-24
1.67417170000000e-24
-1.16275650000000e-24
-9.59522530000000e-25
-2.06642440000000e-25
-2.77712660000000e-24
7.99298560000000e-25
4.00639770000000e-24
-1.74649620000000e-24
-1.71284470000000e-24
-2.33320690000000e-24
-1.52403780000000e-24
-5.01252500000000e-24
-6.37014170000000e-25
2.29891930000000e-24
9.30981730000000e-25
-2.44323650000000e-24
2.94499620000000e-25
-1.76329510000000e-24
1.74278440000000e-24
-3.25741400000000e-24
6.92231720000000e-25
2.85307980000000e-24
6.24914100000000e-24
2.69397210000000e-24
-1.00216000000000e-24
-2.65838040000000e-24
-1.93495730000000e-25
3.01716840000000e-24
-5.44171440000000e-25
-1.38065100000000e-24
-1.62021500000000e-24
1.73074870000000e-24
1.09418140000000e-24
-1.65914490000000e-24
-1.58708890000000e-24
9.95909910000000e-25
2.73584260000000e-24
-1.59262910000000e-24
-2.63721030000000e-24
1.63596500000000e-24
4.81381360000000e-24
-5.05248000000000e-24
-2.01118590000000e-24
2.02589480000000e-24
1.09202170000000e-24
-7.84232850000000e-25
-9.34322730000000e-25
-4.22493940000000e-25
1.89714760000000e-24
1.57434150000000e-24
-1.47358300000000e-24
4.99614430000000e-26
2.64651960000000e-24
1.39966210000000e-24
-1.89695050000000e-24
-1.75934040000000e-24
-3.36966620000000e-25
1.86318640000000e-24
-2.59065890000000e-24
-1.16225420000000e-24
-1.08311050000000e-25
3.14951170000000e-24
6.93443480000000e-25
-2.08455700000000e-24
-4.15290500000000e-24
-3.08777250000000e-25
-4.38125900000000e-25
-3.43301190000000e-25
5.74473420000000e-25
2.77239510000000e-24
4.35110640000000e-24
-5.91932560000000e-24
-4.46565670000000e-24
2.02233600000000e-24
4.07311370000000e-25
3.50322480000000e-24
5.90274640000000e-25
3.54130440000000e-24
-2.95496270000000e-24
2.41111190000000e-24
-3.73800460000000e-24
-3.81009300000000e-24
2.65997540000000e-24
1.87930170000000e-24
-1.23851930000000e-24
-1.61892170000000e-24
-8.63504150000000e-25
-3.61681620000000e-24
1.92029170000000e-24
3.75682390000000e-24
-6.25616270000000e-24
7.77883940000000e-25
-3.38570940000000e-24
-1.49112090000000e-24
2.76659580000000e-24
9.45017200000000e-25
-3.49235040000000e-25
-5.76185450000000e-25
8.52131960000000e-25
-1.28397570000000e-24
1.74297010000000e-24
-2.11638590000000e-25
2.23043830000000e-24
-8.01597910000000e-25
-1.32082030000000e-24
-1.63581730000000e-24
2.42813790000000e-24
1.36236860000000e-24
1.41135380000000e-24
1.48026020000000e-24
1.51305290000000e-24
5.91596020000000e-25
3.50760190000000e-25
-9.39052760000000e-25
4.99905980000000e-25
1.54774710000000e-24
2.61308590000000e-26
-6.51890190000000e-25
-9.11355430000000e-25
-4.16214350000000e-25
-5.63191950000000e-26
-4.83860030000000e-25
1.92877210000000e-25
-3.29993920000000e-27
5.74975590000000e-25
-8.87630330000000e-25
-2.43876690000000e-24
1.92676860000000e-24
2.78961620000000e-24
8.43481220000000e-25
-5.99913170000000e-25
1.32503170000000e-24
1.30286510000000e-25
-4.64023010000000e-25
-9.60903170000000e-25
-1.93582690000000e-24
1.47786330000000e-24
1.79024100000000e-24
-2.66271240000000e-24
-1.29540890000000e-24
-1.72455990000000e-24
8.61355480000000e-29
-7.46764650000000e-25
-1.64546220000000e-24
7.26738630000000e-25
-6.62164150000000e-26
-2.06785250000000e-24
-1.41543470000000e-24
2.20062690000000e-24
1.23154050000000e-24
-6.69462970000000e-25
-1.27964120000000e-24
5.52806420000000e-25
-5.70096870000000e-25
-3.15375760000000e-24
1.83551580000000e-24
1.30935770000000e-24
6.14070500000000e-25
-1.04784660000000e-24
-1.22671890000000e-25
4.91125170000000e-25
2.49570450000000e-24
-6.80518420000000e-25
-5.23846850000000e-25
-1.93019840000000e-25
-1.43135090000000e-24
2.35869290000000e-25
7.93550810000000e-25
9.73577060000000e-25
-5.16040240000000e-25
-9.07112840000000e-25
-1.47514220000000e-24
-1.35001860000000e-24
2.94584330000000e-24
-1.44374030000000e-26
-1.08822430000000e-24
-1.25861150000000e-25
-1.30482000000000e-24
-1.06440080000000e-25
6.70324930000000e-25
-6.26622640000000e-25
1.60242810000000e-24
1.21220100000000e-24
-2.43710440000000e-24
-9.41453310000000e-25
8.37347860000000e-25
-1.93584220000000e-24
1.01425330000000e-24
9.92713140000000e-25
1.20576090000000e-24
1.49027620000000e-24
-1.00886190000000e-25
-1.58944920000000e-24
7.77676180000000e-25
-8.67955590000000e-26
-7.59669740000000e-25
6.09706190000000e-25
1.46106650000000e-24
4.29812950000000e-25
-4.94822620000000e-25
3.99569420000000e-25
5.12354760000000e-26
1.21903070000000e-24
9.03454540000000e-25
-6.46879130000000e-25
2.71216410000000e-25
1.01665020000000e-24
-1.31198300000000e-26
4.23029720000000e-25
5.64471870000000e-26
-1.13592400000000e-25
1.16401370000000e-26
-1.49046760000000e-24
2.14261170000000e-24
3.02964490000000e-24
1.14987130000000e-24
7.79522450000000e-25
-1.26830380000000e-24
-1.44334940000000e-24
9.71854180000000e-25
6.97400190000000e-25
-1.99691380000000e-25
6.76704800000000e-25
1.39480480000000e-24
-1.59067900000000e-24
1.06747280000000e-25
-1.20645540000000e-24
1.01146830000000e-24
1.91448070000000e-25
-1.17249320000000e-24
-1.04635300000000e-24
-4.69775220000000e-25
-6.81534090000000e-25
-1.82578840000000e-24
-1.75006580000000e-25
1.73001960000000e-24
1.56426290000000e-24
-2.37052910000000e-25
-8.03254510000000e-25
-2.12716560000000e-25
1.47115560000000e-24
3.12544030000000e-25
-1.78185210000000e-24
-6.47703340000000e-25
-2.44839080000000e-25
1.76861100000000e-24
1.43040890000000e-24
-2.17145540000000e-24
-1.22938530000000e-24
2.16565120000000e-25
2.26331650000000e-25
-1.89417460000000e-25
1.34395640000000e-24
1.25392240000000e-24
1.54854600000000e-24
-1.41196070000000e-24
-2.08034950000000e-24
1.86212620000000e-24
-4.85666010000000e-25
-9.62914540000000e-25
7.28620380000000e-25
1.24113910000000e-26
-4.81606950000000e-25
9.09604610000000e-26
-1.33709720000000e-24
1.04260860000000e-25
-1.04450150000000e-25
6.20830720000000e-25
-5.85204450000000e-25
4.86656790000000e-25
-1.92069610000000e-24
1.20004480000000e-24
-1.87948630000000e-24
-1.18908240000000e-24
8.97908600000000e-25
8.76910770000000e-25
-6.19982030000000e-26
-1.09798320000000e-24
1.16667750000000e-24
-5.05372830000000e-26
1.45178440000000e-24
-4.91035880000000e-25
-9.54988590000000e-25
5.18982300000000e-25
1.73416860000000e-25
-2.96826960000000e-25
7.47486820000000e-25
-7.43591580000000e-25
8.06188070000000e-26
3.65420180000000e-25
-1.30368200000000e-24
-7.76222520000000e-25
1.83025050000000e-24
4.62712010000000e-26
-1.81951990000000e-24
3.68705410000000e-25
1.76370490000000e-24
-4.97284510000000e-25
1.04002150000000e-24
-1.81038000000000e-24
-5.07097950000000e-25
8.68749400000000e-25
4.68549580000000e-25
1.12700550000000e-25
-1.49214440000000e-25
-5.84873720000000e-25
8.75938860000000e-25
5.29788620000000e-25
-1.28503940000000e-24
-8.65355140000000e-25
1.30878520000000e-24
5.87422130000000e-25
1.09759630000000e-26
6.79334170000000e-25
1.48303950000000e-25
-1.14925160000000e-25
4.09106800000000e-25
1.07566650000000e-25
2.32966360000000e-25
6.12723110000000e-25
-1.29026910000000e-24
1.98387520000000e-25
4.69731570000000e-26
-2.12401210000000e-25
-3.53617950000000e-25
-1.47296450000000e-24
2.69095950000000e-25
2.05569840000000e-24
4.50771760000000e-25
-1.71695100000000e-24
-1.08970740000000e-25
-5.14519060000000e-24
3.32274990000000e-25
-4.88875390000000e-24
1.59477920000000e-24
2.56478110000000e-24
1.92617290000000e-24
6.61041170000000e-25
6.52926230000000e-25
-2.49187890000000e-24
-3.58357250000000e-24
3.43798660000000e-24
-3.11046280000000e-24
5.66383770000000e-24
2.69742400000000e-24
-3.87233550000000e-24
-2.76553140000000e-24
5.47191650000000e-25
8.37373860000000e-25
7.16577990000000e-25
1.29017760000000e-25
-3.66140780000000e-25
-3.93605890000000e-25
-2.17865010000000e-25
-1.21977360000000e-24
1.06983900000000e-24
-1.65646320000000e-25
1.36134980000000e-24
-1.69379130000000e-25
-1.47964050000000e-24
-1.15304130000000e-25
-4.78793790000000e-27
5.05525120000000e-25
7.11122790000000e-25
7.25569180000000e-25
-7.46387680000000e-25
3.85514950000000e-26
-7.69355650000000e-25
1.05197110000000e-24
1.14318230000000e-24
9.25194010000000e-25
-5.10860670000000e-25
5.72352300000000e-25
-5.52244470000000e-25
-1.16403150000000e-25
1.26848730000000e-24
9.37244250000000e-25
-6.22370690000000e-25
-1.19345890000000e-24
-1.64366750000000e-24
-7.10862390000000e-27
2.96487360000000e-25
-3.17450700000000e-25
-4.72389200000000e-25
6.19689950000000e-25
-7.22299280000000e-27
-5.12488170000000e-25
-8.09495980000000e-25
3.78282560000000e-25
1.64201590000000e-25
-1.08941650000000e-25
-3.33992170000000e-25
-3.66730360000000e-25
1.39248800000000e-25
1.23851840000000e-24
7.51675010000000e-25
4.62571410000000e-26
-2.59529630000000e-25
-8.93411730000000e-25
4.80201160000000e-25
7.18427190000000e-25
1.32289030000000e-24
3.60239500000000e-25
6.01001750000000e-25
-4.24442470000000e-25
-4.30567340000000e-25
1.94987890000000e-25
1.32507910000000e-24
-2.64283820000000e-25
2.58744630000000e-25
-7.46228840000000e-26
-1.12451860000000e-24
-3.76653240000000e-25
1.06779800000000e-25
-5.74327970000000e-25
3.75538240000000e-25
1.75421370000000e-25
-5.23634450000000e-25
-1.68623960000000e-25
2.42481570000000e-25
3.44164610000000e-25
2.56721800000000e-25
-2.89092100000000e-25
-2.24138090000000e-25
-1.35235780000000e-25
1.18270080000000e-24
5.87617040000000e-25
5.93633820000000e-25
-6.35596720000000e-25
2.15417710000000e-25
-4.53103770000000e-25
-4.59963940000000e-25
2.09495080000000e-25
3.95336650000000e-26
-2.92655560000000e-25
-1.12413380000000e-25
-4.17453160000000e-25
-1.04584920000000e-25
1.38815440000000e-25
-1.43629340000000e-24
1.03542850000000e-24
1.09488330000000e-24
2.83613920000000e-25
-3.36420000000000e-25
-2.40201950000000e-25
2.72825660000000e-25
9.48605860000000e-25
9.81991130000000e-25
-4.06957560000000e-25
5.46006180000000e-25
-9.78127890000000e-25
-1.80418000000000e-25
-5.36312910000000e-25
-2.07746550000000e-26
6.15479900000000e-26
9.02735810000000e-25
1.62835480000000e-25
-1.26737650000000e-24
1.24331980000000e-25
-9.70507520000000e-25
-6.06409190000000e-25
7.09371590000000e-25
3.24878190000000e-25
-7.74390790000000e-26
6.20813710000000e-25
-8.17225750000000e-25
-4.91479310000000e-25
1.24519690000000e-25
-4.15568960000000e-25
-4.02272150000000e-25
3.22561690000000e-25
1.33757370000000e-24
-5.18600710000000e-26
1.09052990000000e-25
-8.41286600000000e-25
-8.13863680000000e-25
-3.99704900000000e-25
1.88189930000000e-25
7.58662900000000e-25
1.37466650000000e-24
-4.10154790000000e-25
-3.28721410000000e-25
1.03966070000000e-25
3.02480730000000e-25
2.66699060000000e-25
3.30828050000000e-26
-9.12896470000000e-26
4.95154380000000e-25
-5.64452980000000e-25
-8.51887660000000e-25
1.29038880000000e-25
1.10168480000000e-24
-1.41824490000000e-25
4.56512630000000e-25
-2.89363170000000e-25
-9.10096720000000e-26
3.40861670000000e-25
-6.62531820000000e-25
-7.84793350000000e-25
6.46618160000000e-25
1.63556130000000e-25
-7.89086310000000e-26
-2.99060980000000e-25
-7.40564470000000e-25
3.28981530000000e-25
2.21568500000000e-25
2.58037380000000e-25
3.08201580000000e-25
5.27552110000000e-25
9.24866450000000e-25
-6.78825850000000e-26
-8.56377460000000e-25
-3.14311010000000e-25
9.28827240000000e-25
8.95155940000000e-26
3.23470440000000e-25
-3.04195880000000e-26
-2.44601870000000e-25
-5.06515370000000e-25
-4.06585660000000e-25
-9.52242290000000e-25
9.96785280000000e-25
3.59704840000000e-25
-4.60854420000000e-25
2.26245510000000e-25
-6.20971680000000e-25
-1.40339310000000e-25
-1.73907210000000e-25
2.49233970000000e-25
1.03805870000000e-24
-2.38781060000000e-25
-1.39674190000000e-24
-3.44321110000000e-25
-7.20957940000000e-26
-1.10358480000000e-25
1.12274170000000e-24
4.51099030000000e-25
-5.58735990000000e-25
-8.66239320000000e-26
-5.69533720000000e-25
-1.47311100000000e-25
-3.29094980000000e-26
-4.32495310000000e-25
5.23459260000000e-25
6.66297590000000e-25
-1.23130970000000e-24
3.79027710000000e-25
6.28056990000000e-26
-1.43582930000000e-25
6.23988070000000e-25
7.61886390000000e-25
-8.35367460000000e-25
9.79660410000000e-26
4.99507670000000e-25
6.48253110000000e-27
-3.11253570000000e-26
2.33440540000000e-25
-1.89885240000000e-25
6.94217690000000e-25
-2.78028270000000e-25
-6.46302350000000e-25
-3.34202320000000e-25
8.18177530000000e-25
-3.74983240000000e-26
-1.07677550000000e-25
-1.99091530000000e-25
1.62804800000000e-26
1.58175450000000e-24
-4.21831360000000e-25
-1.48222610000000e-25
-1.25179060000000e-26
3.53931190000000e-25
3.00668390000000e-25
-4.81211610000000e-25
-2.22981610000000e-25
5.15937490000000e-25
1.17239630000000e-32
-8.07339400000000e-25
9.94895810000000e-34
9.87449620000000e-25
-5.85488350000000e-25
1.06552730000000e-25
-2.89025760000000e-24
5.83193410000000e-25
-2.29803010000000e-24
-5.80909720000000e-25
-2.28904030000000e-24
2.28904030000000e-24
-6.35222110000000e-27
-5.70023620000000e-25
4.96032300000000e-25
1.13559600000000e-24
-9.18421300000000e-25
0.00000000000000e+00
4.96032300000000e-25
-1.13559600000000e-24
-6.35222110000000e-27
5.70023620000000e-25
-2.28904030000000e-24
-2.28904030000000e-24
-2.29803010000000e-24
5.80909720000000e-25
-2.89025760000000e-24
-5.83193410000000e-25
-5.85488350000000e-25
-1.06552730000000e-25
9.94895810000000e-34
-9.87449620000000e-25
1.17239630000000e-32
8.07339400000000e-25
-2.22981610000000e-25
-5.15937490000000e-25
3.00668390000000e-25
4.81211610000000e-25
-1.25179060000000e-26
-3.53931190000000e-25
-4.21831360000000e-25
1.48222610000000e-25
1.62804800000000e-26
-1.58175450000000e-24
-1.07677550000000e-25
1.99091530000000e-25
8.18177530000000e-25
3.74983240000000e-26
-6.46302350000000e-25
3.34202320000000e-25
6.94217690000000e-25
2.78028270000000e-25
2.33440540000000e-25
1.89885240000000e-25
6.48253110000000e-27
3.11253570000000e-26
9.79660410000000e-26
-4.99507670000000e-25
7.61886390000000e-25
8.35367460000000e-25
-1.43582930000000e-25
-6.23988070000000e-25
3.79027710000000e-25
-6.28056990000000e-26
6.66297590000000e-25
1.23130970000000e-24
-4.32495310000000e-25
-5.23459260000000e-25
-1.47311100000000e-25
3.29094980000000e-26
-8.66239320000000e-26
5.69533720000000e-25
4.51099030000000e-25
5.58735990000000e-25
-1.10358480000000e-25
-1.12274170000000e-24
-3.44321110000000e-25
7.20957940000000e-26
-2.38781060000000e-25
1.39674190000000e-24
2.49233970000000e-25
-1.03805870000000e-24
-1.40339310000000e-25
1.73907210000000e-25
2.26245510000000e-25
6.20971680000000e-25
3.59704840000000e-25
4.60854420000000e-25
-9.52242290000000e-25
-9.96785280000000e-25
-5.06515370000000e-25
4.06585660000000e-25
-3.04195880000000e-26
2.44601870000000e-25
8.95155940000000e-26
-3.23470440000000e-25
-3.14311010000000e-25
-9.28827240000000e-25
-6.78825850000000e-26
8.56377460000000e-25
5.27552110000000e-25
-9.24866450000000e-25
2.58037380000000e-25
-3.08201580000000e-25
3.28981530000000e-25
-2.21568500000000e-25
-2.99060980000000e-25
7.40564470000000e-25
1.63556130000000e-25
7.89086310000000e-26
-7.84793350000000e-25
-6.46618160000000e-25
3.40861670000000e-25
6.62531820000000e-25
-2.89363170000000e-25
9.10096720000000e-26
-1.41824490000000e-25
-4.56512630000000e-25
1.29038880000000e-25
-1.10168480000000e-24
-5.64452980000000e-25
8.51887660000000e-25
-9.12896470000000e-26
-4.95154380000000e-25
2.66699060000000e-25
-3.30828050000000e-26
1.03966070000000e-25
-3.02480730000000e-25
-4.10154790000000e-25
3.28721410000000e-25
7.58662900000000e-25
-1.37466650000000e-24
-3.99704900000000e-25
-1.88189930000000e-25
-8.41286600000000e-25
8.13863680000000e-25
-5.18600710000000e-26
-1.09052990000000e-25
3.22561690000000e-25
-1.33757370000000e-24
-4.15568960000000e-25
4.02272150000000e-25
-4.91479310000000e-25
-1.24519690000000e-25
6.20813710000000e-25
8.17225750000000e-25
3.24878190000000e-25
7.74390790000000e-26
-6.06409190000000e-25
-7.09371590000000e-25
1.24331980000000e-25
9.70507520000000e-25
1.62835480000000e-25
1.26737650000000e-24
6.15479900000000e-26
-9.02735810000000e-25
-5.36312910000000e-25
2.07746550000000e-26
-9.78127890000000e-25
1.80418000000000e-25
-4.06957560000000e-25
-5.46006180000000e-25
9.48605860000000e-25
-9.81991130000000e-25
-2.40201950000000e-25
-2.72825660000000e-25
2.83613920000000e-25
3.36420000000000e-25
1.03542850000000e-24
-1.09488330000000e-24
1.38815440000000e-25
1.43629340000000e-24
-4.17453160000000e-25
1.04584920000000e-25
-2.92655560000000e-25
1.12413380000000e-25
2.09495080000000e-25
-3.95336650000000e-26
-4.53103770000000e-25
4.59963940000000e-25
-6.35596720000000e-25
-2.15417710000000e-25
5.87617040000000e-25
-5.93633820000000e-25
-1.35235780000000e-25
-1.18270080000000e-24
-2.89092100000000e-25
2.24138090000000e-25
3.44164610000000e-25
-2.56721800000000e-25
-1.68623960000000e-25
-2.42481570000000e-25
1.75421370000000e-25
5.23634450000000e-25
-5.74327970000000e-25
-3.75538240000000e-25
-3.76653240000000e-25
-1.06779800000000e-25
-7.46228840000000e-26
1.12451860000000e-24
-2.64283820000000e-25
-2.58744630000000e-25
1.94987890000000e-25
-1.32507910000000e-24
-4.24442470000000e-25
4.30567340000000e-25
3.60239500000000e-25
-6.01001750000000e-25
7.18427190000000e-25
-1.32289030000000e-24
-8.93411730000000e-25
-4.80201160000000e-25
4.62571410000000e-26
2.59529630000000e-25
1.23851840000000e-24
-7.51675010000000e-25
-3.66730360000000e-25
-1.39248800000000e-25
-1.08941650000000e-25
3.33992170000000e-25
3.78282560000000e-25
-1.64201590000000e-25
-5.12488170000000e-25
8.09495980000000e-25
6.19689950000000e-25
7.22299280000000e-27
-3.17450700000000e-25
4.72389200000000e-25
-7.10862390000000e-27
-2.96487360000000e-25
-1.19345890000000e-24
1.64366750000000e-24
9.37244250000000e-25
6.22370690000000e-25
-1.16403150000000e-25
-1.26848730000000e-24
5.72352300000000e-25
5.52244470000000e-25
9.25194010000000e-25
5.10860670000000e-25
1.05197110000000e-24
-1.14318230000000e-24
3.85514950000000e-26
7.69355650000000e-25
7.25569180000000e-25
7.46387680000000e-25
5.05525120000000e-25
-7.11122790000000e-25
-1.15304130000000e-25
4.78793790000000e-27
-1.69379130000000e-25
1.47964050000000e-24
-1.65646320000000e-25
-1.36134980000000e-24
-1.21977360000000e-24
-1.06983900000000e-24
-3.93605890000000e-25
2.17865010000000e-25
1.29017760000000e-25
3.66140780000000e-25
8.37373860000000e-25
-7.16577990000000e-25
-2.76553140000000e-24
-5.47191650000000e-25
2.69742400000000e-24
3.87233550000000e-24
-3.11046280000000e-24
-5.66383770000000e-24
-3.58357250000000e-24
-3.43798660000000e-24
6.52926230000000e-25
2.49187890000000e-24
1.92617290000000e-24
-6.61041170000000e-25
1.59477920000000e-24
-2.56478110000000e-24
3.32274990000000e-25
4.88875390000000e-24
-1.08970740000000e-25
5.14519060000000e-24
4.50771760000000e-25
1.71695100000000e-24
2.69095950000000e-25
-2.05569840000000e-24
-3.53617950000000e-25
1.47296450000000e-24
4.69731570000000e-26
2.12401210000000e-25
-1.29026910000000e-24
-1.98387520000000e-25
2.32966360000000e-25
-6.12723110000000e-25
4.09106800000000e-25
-1.07566650000000e-25
1.48303950000000e-25
1.14925160000000e-25
1.09759630000000e-26
-6.79334170000000e-25
1.30878520000000e-24
-5.87422130000000e-25
-1.28503940000000e-24
8.65355140000000e-25
8.75938860000000e-25
-5.29788620000000e-25
-1.49214440000000e-25
5.84873720000000e-25
4.68549580000000e-25
-1.12700550000000e-25
-5.07097950000000e-25
-8.68749400000000e-25
1.04002150000000e-24
1.81038000000000e-24
1.76370490000000e-24
4.97284510000000e-25
-1.81951990000000e-24
-3.68705410000000e-25
1.83025050000000e-24
-4.62712010000000e-26
-1.30368200000000e-24
7.76222520000000e-25
8.06188070000000e-26
-3.65420180000000e-25
7.47486820000000e-25
7.43591580000000e-25
1.73416860000000e-25
2.96826960000000e-25
-9.54988590000000e-25
-5.18982300000000e-25
1.45178440000000e-24
4.91035880000000e-25
1.16667750000000e-24
5.05372830000000e-26
-6.19982030000000e-26
1.09798320000000e-24
8.97908600000000e-25
-8.76910770000000e-25
-1.87948630000000e-24
1.18908240000000e-24
-1.92069610000000e-24
-1.20004480000000e-24
-5.85204450000000e-25
-4.86656790000000e-25
-1.04450150000000e-25
-6.20830720000000e-25
-1.33709720000000e-24
-1.04260860000000e-25
-4.81606950000000e-25
-9.09604610000000e-26
7.28620380000000e-25
-1.24113910000000e-26
-4.85666010000000e-25
9.62914540000000e-25
-2.08034950000000e-24
-1.86212620000000e-24
1.54854600000000e-24
1.41196070000000e-24
1.34395640000000e-24
-1.25392240000000e-24
2.26331650000000e-25
1.89417460000000e-25
-1.22938530000000e-24
-2.16565120000000e-25
1.43040890000000e-24
2.17145540000000e-24
-2.44839080000000e-25
-1.76861100000000e-24
-1.78185210000000e-24
6.47703340000000e-25
1.47115560000000e-24
-3.12544030000000e-25
-8.03254510000000e-25
2.12716560000000e-25
1.56426290000000e-24
2.37052910000000e-25
-1.75006580000000e-25
-1.73001960000000e-24
-6.81534090000000e-25
1.82578840000000e-24
-1.04635300000000e-24
4.69775220000000e-25
1.91448070000000e-25
1.17249320000000e-24
-1.20645540000000e-24
-1.01146830000000e-24
-1.59067900000000e-24
-1.06747280000000e-25
6.76704800000000e-25
-1.39480480000000e-24
6.97400190000000e-25
1.99691380000000e-25
-1.44334940000000e-24
-9.71854180000000e-25
7.79522450000000e-25
1.26830380000000e-24
3.02964490000000e-24
-1.14987130000000e-24
-1.49046760000000e-24
-2.14261170000000e-24
-1.13592400000000e-25
-1.16401370000000e-26
4.23029720000000e-25
-5.64471870000000e-26
1.01665020000000e-24
1.31198300000000e-26
-6.46879130000000e-25
-2.71216410000000e-25
1.21903070000000e-24
-9.03454540000000e-25
3.99569420000000e-25
-5.12354760000000e-26
4.29812950000000e-25
4.94822620000000e-25
6.09706190000000e-25
-1.46106650000000e-24
-8.67955590000000e-26
7.59669740000000e-25
-1.58944920000000e-24
-7.77676180000000e-25
1.49027620000000e-24
1.00886190000000e-25
9.92713140000000e-25
-1.20576090000000e-24
-1.93584220000000e-24
-1.01425330000000e-24
-9.41453310000000e-25
-8.37347860000000e-25
1.21220100000000e-24
2.43710440000000e-24
-6.26622640000000e-25
-1.60242810000000e-24
-1.06440080000000e-25
-6.70324930000000e-25
-1.25861150000000e-25
1.30482000000000e-24
-1.44374030000000e-26
1.08822430000000e-24
-1.35001860000000e-24
-2.94584330000000e-24
-9.07112840000000e-25
1.47514220000000e-24
9.73577060000000e-25
5.16040240000000e-25
2.35869290000000e-25
-7.93550810000000e-25
-1.93019840000000e-25
1.43135090000000e-24
-6.80518420000000e-25
5.23846850000000e-25
4.91125170000000e-25
-2.49570450000000e-24
-1.04784660000000e-24
1.22671890000000e-25
1.30935770000000e-24
-6.14070500000000e-25
-3.15375760000000e-24
-1.83551580000000e-24
5.52806420000000e-25
5.70096870000000e-25
-6.69462970000000e-25
1.27964120000000e-24
2.20062690000000e-24
-1.23154050000000e-24
-2.06785250000000e-24
1.41543470000000e-24
7.26738630000000e-25
6.62164150000000e-26
-7.46764650000000e-25
1.64546220000000e-24
-1.72455990000000e-24
-8.61355480000000e-29
-2.66271240000000e-24
1.29540890000000e-24
1.47786330000000e-24
-1.79024100000000e-24
-9.60903170000000e-25
1.93582690000000e-24
1.30286510000000e-25
4.64023010000000e-25
-5.99913170000000e-25
-1.32503170000000e-24
2.78961620000000e-24
-8.43481220000000e-25
-2.43876690000000e-24
-1.92676860000000e-24
5.74975590000000e-25
8.87630330000000e-25
1.92877210000000e-25
3.29993920000000e-27
-5.63191950000000e-26
4.83860030000000e-25
-9.11355430000000e-25
4.16214350000000e-25
2.61308590000000e-26
6.51890190000000e-25
4.99905980000000e-25
-1.54774710000000e-24
3.50760190000000e-25
9.39052760000000e-25
1.51305290000000e-24
-5.91596020000000e-25
1.41135380000000e-24
-1.48026020000000e-24
2.42813790000000e-24
-1.36236860000000e-24
-1.32082030000000e-24
1.63581730000000e-24
2.23043830000000e-24
8.01597910000000e-25
1.74297010000000e-24
2.11638590000000e-25
8.52131960000000e-25
1.28397570000000e-24
-3.49235040000000e-25
5.76185450000000e-25
2.76659580000000e-24
-9.45017200000000e-25
-3.38570940000000e-24
1.49112090000000e-24
-6.25616270000000e-24
-7.77883940000000e-25
1.92029170000000e-24
-3.75682390000000e-24
-8.63504150000000e-25
3.61681620000000e-24
-1.23851930000000e-24
1.61892170000000e-24
2.65997540000000e-24
-1.87930170000000e-24
-3.73800460000000e-24
3.81009300000000e-24
-2.95496270000000e-24
-2.41111190000000e-24
5.90274640000000e-25
-3.54130440000000e-24
4.07311370000000e-25
-3.50322480000000e-24
-4.46565670000000e-24
-2.02233600000000e-24
4.35110640000000e-24
5.91932560000000e-24
5.74473420000000e-25
-2.77239510000000e-24
-4.38125900000000e-25
3.43301190000000e-25
-4.15290500000000e-24
3.08777250000000e-25
6.93443480000000e-25
2.08455700000000e-24
-1.08311050000000e-25
-3.14951170000000e-24
-2.59065890000000e-24
1.16225420000000e-24
-3.36966620000000e-25
-1.86318640000000e-24
-1.89695050000000e-24
1.75934040000000e-24
2.64651960000000e-24
-1.39966210000000e-24
-1.47358300000000e-24
-4.99614430000000e-26
1.89714760000000e-24
-1.57434150000000e-24
-9.34322730000000e-25
4.22493940000000e-25
1.09202170000000e-24
7.84232850000000e-25
-2.01118590000000e-24
-2.02589480000000e-24
4.81381360000000e-24
5.05248000000000e-24
-2.63721030000000e-24
-1.63596500000000e-24
2.73584260000000e-24
1.59262910000000e-24
-1.58708890000000e-24
-9.95909910000000e-25
1.09418140000000e-24
1.65914490000000e-24
-1.62021500000000e-24
-1.73074870000000e-24
-5.44171440000000e-25
1.38065100000000e-24
-1.93495730000000e-25
-3.01716840000000e-24
-1.00216000000000e-24
2.65838040000000e-24
6.24914100000000e-24
-2.69397210000000e-24
6.92231720000000e-25
-2.85307980000000e-24
1.74278440000000e-24
3.25741400000000e-24
2.94499620000000e-25
1.76329510000000e-24
9.30981730000000e-25
2.44323650000000e-24
-6.37014170000000e-25
-2.29891930000000e-24
-1.52403780000000e-24
5.01252500000000e-24
-1.71284470000000e-24
2.33320690000000e-24
4.00639770000000e-24
1.74649620000000e-24
-2.77712660000000e-24
-7.99298560000000e-25
-9.59522530000000e-25
2.06642440000000e-25
1.67417170000000e-24
1.16275650000000e-24
1.18118390000000e-24
1.79932920000000e-24
-1.61338240000000e-24
2.55115230000000e-25
5.67715340000000e-25
-9.08832370000000e-25
-1.60098500000000e-24
3.37296500000000e-24
-2.51723040000000e-24
4.99608140000000e-24
8.85070640000000e-25
-2.28827180000000e-25
-1.00614520000000e-24
2.38726790000000e-24
6.38970050000000e-25
-1.07817560000000e-24
1.39987760000000e-24
4.51850320000000e-25
-3.16823700000000e-25
-3.25846360000000e-25
6.07157150000000e-25
-5.61918880000000e-25
2.83048870000000e-25
-3.06796060000000e-24
-2.45168090000000e-24
5.45387800000000e-25
-2.76965280000000e-25
-1.14649800000000e-24
1.81411480000000e-24
-2.45059900000000e-24
1.33859170000000e-24
1.05292080000000e-24
-7.70906810000000e-25
1.26350060000000e-24
1.76774870000000e-24
-1.16452840000000e-24
2.90005630000000e-25
3.06041610000000e-24
3.48640430000000e-25
-8.85279460000000e-25
-1.48658900000000e-24
-5.07812800000000e-24
-1.36776970000000e-24
2.34968660000000e-24
1.82298020000000e-24
2.01332130000000e-24
4.74886660000000e-25
-3.44457170000000e-25
7.81231050000000e-25
-2.76317030000000e-24
-1.33026630000000e-24
1.89554980000000e-24
1.50279840000000e-24
-4.23577940000000e-24
-1.20231730000000e-24
-1.94031940000000e-24
-3.35780970000000e-24
7.14670840000000e-25
9.03411060000000e-25
8.97810040000000e-25
-1.73334790000000e-24
2.45677490000000e-24
-2.98327250000000e-24
2.47464230000000e-25
-2.30530490000000e-24
-7.52802880000000e-25
-3.76454460000000e-24
-2.23546510000000e-24
2.63763380000000e-24
-2.07039080000000e-24
-2.03077920000000e-24
1.83207620000000e-24
1.20071350000000e-24
-6.87003770000000e-25
1.21162070000000e-24
3.13863730000000e-24
2.55206680000000e-26
-2.68230540000000e-24
-4.95055410000000e-24
3.00553830000000e-24
2.58670070000000e-24
2.24374240000000e-24
-2.52609590000000e-24
1.04342950000000e-25
2.34944210000000e-25
-3.91886060000000e-24
-5.54991330000000e-25
4.08246940000000e-24
4.15189060000000e-25
7.87786930000000e-25
4.77015870000000e-24
2.27712970000000e-25
1.21113430000000e-24
9.86317320000000e-27
-9.94082310000000e-25
-8.86194320000000e-25
-2.09037400000000e-26
9.12317210000000e-26
2.91516690000000e-24
-2.06223320000000e-25
1.56449000000000e-24
1.81347950000000e-24
-9.73922040000000e-25
-1.46190650000000e-24
-1.08961380000000e-24
1.93301810000000e-24
-2.34008310000000e-24
3.01093950000000e-24
3.88247650000000e-24
-2.56290920000000e-24
1.29296380000000e-24
-1.18282880000000e-24
-1.52430530000000e-24
-6.46516440000000e-25
2.00708940000000e-24
3.33675200000000e-24
1.14656110000000e-24
9.24346430000000e-25
-4.68116740000000e-25
3.72662940000000e-24
-9.18937400000000e-25
-2.44742040000000e-24
-9.11039050000000e-25
3.09394950000000e-24
3.62552410000000e-25
-1.49676130000000e-24
1.87549450000000e-24
-3.42918530000000e-24
-2.26406960000000e-24
2.10304090000000e-24
2.87400240000000e-24
-3.10207740000000e-24
3.26048920000000e-24
4.10493430000000e-24
3.80178360000000e-25
-1.94644600000000e-24
9.48979500000000e-25
-8.06402760000000e-24
1.39698320000000e-24
2.47020550000000e-24
1.05735070000000e-24
1.55912330000000e-24
1.88104100000000e-24
-4.92561990000000e-24
2.05967190000000e-24
-1.13057770000000e-24
2.22338150000000e-24
9.77223620000000e-25
-3.49953710000000e-25
-2.75429490000000e-24
2.36711500000000e-26
-7.57697350000000e-24
2.10551150000000e-24
3.20166440000000e-25
-2.74143800000000e-24
2.17850770000000e-24
3.84156300000000e-24
-1.23656010000000e-24
-1.01016750000000e-25
-2.44647130000000e-24
2.45596650000000e-24
5.15052670000000e-24
1.57774480000000e-24
1.50605000000000e-24
-1.05478880000000e-23
-7.86124660000000e-24
-2.83600890000000e-24
9.22104780000000e-24
1.69381760000000e-24
2.00200400000000e-23
4.40612460000000e-24
-1.62399450000000e-24
-6.43282880000000e-24
3.35842630000000e-24
-4.26735110000000e-24
-1.35824770000000e-24
2.51893980000000e-24
-1.69092390000000e-24
5.54796940000000e-24
-1.28508580000000e-23
4.01248840000000e-24
-6.24124800000000e-24
6.38073600000000e-24
1.51291630000000e-23
-9.61797150000000e-24
-1.25918570000000e-23
-1.04193190000000e-24
8.21075120000000e-25
-1.54160790000000e-25
6.36568290000000e-25
7.02663410000000e-24
1.67950080000000e-24
-4.62374130000000e-24
-4.04402140000000e-24
-3.53301980000000e-25
-1.21375290000000e-24
7.15808830000000e-25
5.79435120000000e-24
1.61705690000000e-24
-7.39108560000000e-24
1.91936620000000e-24
-2.42438490000000e-24
1.21588470000000e-24
1.03388380000000e-23
-2.74008020000000e-24
-1.04080640000000e-23
4.69669510000000e-24
1.80162460000000e-24
-4.39831910000000e-24
1.77952850000000e-25
1.15709380000000e-24
-1.31674400000000e-24
4.82320890000000e-24
-5.47498820000000e-24
-2.54917330000000e-24
-1.21156010000000e-24
-6.35894920000000e-24
1.71829480000000e-24
4.88324840000000e-24
-3.25374880000000e-24
-1.21915320000000e-24
-3.11427620000000e-24
1.45868130000000e-25
2.87735560000000e-24
1.17159380000000e-24
-5.34128270000000e-24
3.86281270000000e-24
4.82128210000000e-24
1.83113960000000e-24
-4.29469080000000e-24
1.08391490000000e-24
-6.35234220000000e-24
-1.12212230000000e-24
4.33431730000000e-26
-6.96480190000000e-24
-3.48148690000000e-24
5.24398400000000e-24
-4.09846250000000e-24
-5.18317110000000e-24
-9.94028310000000e-25
-3.86768110000000e-24
4.43445490000000e-24
6.16731090000000e-25
1.72528410000000e-24
-7.45118400000000e-24
-6.09412440000000e-24
-4.55774040000000e-24
1.01897400000000e-24
1.00998270000000e-24
-7.59076730000000e-25
4.86719070000000e-24
-3.89205100000000e-24
-4.07494040000000e-24
-1.98145820000000e-24
5.21567570000000e-25
1.84765500000000e-24
1.14375960000000e-24
-6.18710720000000e-24
2.38969960000000e-24
-3.15603690000000e-24
-4.00018690000000e-24
1.66388070000000e-24
2.74348080000000e-24
1.24056170000000e-24
4.03651760000000e-24
5.59286140000000e-24
-3.54623290000000e-24
-1.13039870000000e-24
2.33403910000000e-24
7.42805000000000e-24
-5.11558270000000e-25
6.92553670000000e-24
2.70878940000000e-24
-1.86014150000000e-24
-2.37451230000000e-24
3.92492650000000e-24
2.75834910000000e-24
7.15830320000000e-24
4.57841980000000e-24
1.85687980000000e-24
1.00357340000000e-23
-2.10554980000000e-25
-1.84996570000000e-24
2.66599710000000e-24
2.19556820000000e-24
2.03693910000000e-24
-9.29812210000000e-26
-1.80764810000000e-24
4.18455850000000e-24
7.58933610000000e-24
-3.21373540000000e-24
-6.74962430000000e-24
4.13824820000000e-24
-1.97397110000000e-24
-7.22936150000000e-24
4.40677750000000e-24
-4.13856780000000e-24
-1.18365200000000e-24
2.55965830000000e-24
-1.03765600000000e-23
-3.43481230000000e-24
3.16144190000000e-24
-4.20914590000000e-24
6.02700450000000e-25
2.82922390000000e-24
4.49206880000000e-24
7.25340220000000e-24
6.12064690000000e-24
-1.10091660000000e-24
3.40210710000000e-24
1.50638820000000e-23
3.77571490000000e-24
6.77385580000000e-25
-1.53642030000000e-24
8.48104060000000e-24
2.08016570000000e-24
-1.42491220000000e-24
-8.64101870000000e-24
-6.44782800000000e-25
3.39797940000000e-24
9.53911310000000e-24
-2.93881850000000e-24
-2.98333770000000e-24
9.05184870000000e-24
-3.00241940000000e-24
-5.21979000000000e-24
2.51593970000000e-24
1.17085770000000e-23
-5.39577410000000e-24
3.39777810000000e-24
-5.10860770000000e-24
-7.19283520000000e-24
1.06285920000000e-23
5.18971630000000e-24
1.88397960000000e-24
5.89226330000000e-24
1.76633540000000e-25
-2.07842350000000e-24
2.42270650000000e-24
-3.70319180000000e-24
2.99101930000000e-24
1.28886360000000e-23
1.49738400000000e-24
-5.24010250000000e-24
4.93791970000000e-24
5.86010290000000e-25
-2.32386690000000e-25
1.56620720000000e-24
-5.91566020000000e-24
3.26562760000000e-24
4.99830380000000e-24
-5.40668320000000e-24
-9.87576130000000e-24
3.94476260000000e-24
-1.90950760000000e-24
-5.62699880000000e-24
5.70676960000000e-24
1.16208250000000e-23
1.19181010000000e-23
-7.63474780000000e-24
-2.21427980000000e-23
2.41612950000000e-24
-1.69284130000000e-24
6.55032730000000e-24
1.49595030000000e-23
-6.31245540000000e-24
1.63184500000000e-24
5.00196710000000e-24
2.66143790000000e-24
-7.22152080000000e-24
-1.52294900000000e-24
1.03925750000000e-23
-4.85837810000000e-24
-2.28319550000000e-24
-1.99558660000000e-25
-5.07616570000000e-24
7.58209750000000e-24
1.64291120000000e-24
-5.77226000000000e-24
-9.78710760000000e-24
1.27778450000000e-24
1.33945980000000e-23
-4.66911390000000e-25
-3.10674020000000e-24
2.32647150000000e-24
1.17697050000000e-24
-1.73219970000000e-24
1.08631910000000e-24
1.40635640000000e-24
3.55438570000000e-24
-5.24048090000000e-24
5.54894950000000e-24
1.51806340000000e-24
-1.05749260000000e-25
-8.85506580000000e-24
7.73315600000000e-25
-9.87887000000000e-24
3.47612030000000e-24
-5.68954060000000e-24
9.99995930000000e-24
-9.11555620000000e-24
-5.16269780000000e-24
1.59261640000000e-24
3.93011270000000e-24
7.42328820000000e-25
-2.17865110000000e-24
-1.00379350000000e-23
5.13686250000000e-24
4.94671990000000e-24
-2.93370160000000e-24
-2.37899780000000e-24
-3.42596150000000e-24
2.68458560000000e-24
1.00932640000000e-23
-2.70529490000000e-24
-8.56453680000000e-24
1.02361940000000e-24
1.26931820000000e-23
1.13666930000000e-23
5.53073800000000e-24
-1.53055200000000e-23
1.29111610000000e-23
-5.70676200000000e-23
-9.06538430000000e-24
-8.93895830000000e-24
7.51930490000000e-23
-2.46995480000000e-23
2.94521270000000e-23
9.05416470000000e-24
-3.71514340000000e-23
-8.41089090000000e-24
8.28772870000000e-24
-1.84697280000000e-23
7.96775140000000e-24
3.02846100000000e-23
-2.55860400000000e-23
9.36796470000000e-24
4.68397870000000e-24
-2.33967390000000e-23
2.81177140000000e-23
-2.48405360000000e-24
1.41701050000000e-23
1.60809780000000e-23
1.31098670000000e-23
-1.08102580000000e-23
5.06969950000000e-24
-1.75340280000000e-24
-4.85921680000000e-24
1.40190820000000e-23
-5.49161030000000e-24
-4.61746420000000e-24
9.56822160000000e-24
-9.35012920000000e-24
2.06837240000000e-24
-7.59990370000000e-24
-1.42151260000000e-24
1.44208060000000e-23
1.42391810000000e-23
2.59724080000000e-24
8.29350140000000e-24
7.45864880000000e-24
4.54106930000000e-26
-1.30713620000000e-23
1.38790680000000e-23
-5.37222400000000e-24
1.15188550000000e-23
1.05225400000000e-23
5.99543370000000e-25
-3.86834220000000e-24
1.13965750000000e-23
1.23409450000000e-24
7.66746150000000e-24
3.93711760000000e-24
8.35609700000000e-24
-1.47045630000000e-23
-3.52600800000000e-24
6.70082610000000e-24
-1.22768020000000e-23
3.77123510000000e-24
-1.55618290000000e-24
-6.06988120000000e-24
5.35940770000000e-24
7.39874670000000e-24
5.27749490000000e-24
2.24787520000000e-23
2.23675780000000e-24
2.40787880000000e-24
-3.71555280000000e-25
-9.26719030000000e-24
1.09705080000000e-23
-8.54362970000000e-24
5.40873100000000e-25
-7.03216470000000e-24
-1.25426890000000e-23
3.00484660000000e-24
-7.59986440000000e-25
-6.46006820000000e-24
-7.57945320000000e-24
1.76672630000000e-23
-6.35887950000000e-24
-6.18922980000000e-24
2.63804810000000e-24
-1.09705030000000e-23
2.94523040000000e-25
1.90574560000000e-23
3.02515900000000e-23
7.28185960000000e-24
-6.43391760000000e-24
-1.93429840000000e-23
-9.86497840000000e-24
6.46219180000000e-24
5.03072800000000e-24
1.97870310000000e-23
2.26094170000000e-23
-4.76975340000000e-24
-1.54799780000000e-23
-1.87228320000000e-24
-1.14061040000000e-23
1.80795990000000e-24
1.66496770000000e-23
-9.93820830000000e-24
4.36608430000000e-24
-1.08830360000000e-23
5.46368640000000e-24
6.98011090000000e-24
-1.52791030000000e-23
-7.44908170000000e-25
-7.09329800000000e-24
-6.91012470000000e-24
8.56915200000000e-24
6.79587320000000e-24
-5.53521420000000e-24
1.16795410000000e-23
7.89932020000000e-24
1.19868680000000e-24
1.96168270000000e-23
-2.31644650000000e-23
-1.53707660000000e-23
6.24049490000000e-24
1.07867150000000e-23
-8.21995180000000e-24
7.00433930000000e-24
-2.56485680000000e-23
-1.19418950000000e-24
-1.07816690000000e-27
-2.82471720000000e-23
-5.70052850000000e-24
4.12121550000000e-24
1.87142110000000e-24
-6.15643970000000e-25
1.33871350000000e-23
-1.46171170000000e-23
-9.50664960000000e-24
1.98989870000000e-24
-2.65498130000000e-23
2.28853540000000e-24
2.57516320000000e-23
5.59121040000000e-24
-1.20580330000000e-23
3.30056290000000e-24
4.01622470000000e-24
-1.21237280000000e-23
4.29256780000000e-24
5.04320800000000e-25
-1.67015430000000e-23
3.99733830000000e-23
9.15655440000000e-24
2.36084130000000e-24
-3.25023050000000e-23
1.23894270000000e-23
-1.41363400000000e-23
2.14756440000000e-24
-6.72841730000000e-24
-1.22956190000000e-23
-3.94468280000000e-24
-1.63151490000000e-23
-1.39221380000000e-23
1.27456710000000e-23
-6.27342490000000e-24
1.51438740000000e-23
-8.78995300000000e-24
2.29116520000000e-23
-7.60958060000000e-24
2.17813150000000e-24
-2.29690650000000e-23
2.19097830000000e-23
6.02372720000000e-24
3.27124680000000e-24
2.70174940000000e-24
9.17351660000000e-24
-4.85279930000000e-24
-1.84106470000000e-23
5.91779430000000e-24
-1.13213450000000e-23
1.52630070000000e-23
-3.02007480000000e-23
2.63735670000000e-23
-3.67073420000000e-24
-3.62829570000000e-24
-1.19098150000000e-24
2.99217790000000e-23
-2.17456020000000e-24
-6.93175500000000e-24
2.15940240000000e-23
1.46053410000000e-24
1.99454850000000e-23
-1.31526270000000e-23
-1.32469680000000e-23
1.52777770000000e-23
2.64551250000000e-24
1.37410660000000e-23
1.30011590000000e-23
-2.34354000000000e-23
-6.33151160000000e-24
-2.64046630000000e-23
-3.32135430000000e-23
-1.40988700000000e-23
1.28823430000000e-23
-1.89294370000000e-23
1.04600850000000e-23
-1.48144260000000e-23
-3.08483210000000e-23
2.36561850000000e-24
-1.97129780000000e-23
-1.05167280000000e-23
-1.40617140000000e-23
1.81607370000000e-23
-1.35815380000000e-23
-5.80577530000000e-24
-2.49804320000000e-23
4.60516310000000e-24
4.26267050000000e-23
1.97962630000000e-23
-3.46236900000000e-23
-1.44600250000000e-23
4.21644100000000e-24
-3.34959170000000e-24
1.83728530000000e-23
7.38837020000000e-24
1.16617380000000e-23
-1.17693090000000e-24
9.61007930000000e-24
-2.23499470000000e-24
-1.83726010000000e-24
-2.90670310000000e-23
7.13070770000000e-24
5.30300540000000e-23
-1.06619190000000e-23
8.05623060000000e-24
-2.37298060000000e-23
-3.98617900000000e-23
-1.86552140000000e-24
2.61724530000000e-23
-3.27200760000000e-24
-4.78651090000000e-24
3.54765920000000e-23
-1.70362140000000e-24
-3.28975640000000e-23
-1.93392750000000e-23
-2.54417490000000e-24
-1.37637230000000e-23
2.38841300000000e-23
1.18330710000000e-23
-2.19844020000000e-23
-1.63801520000000e-23
1.66063550000000e-23
-1.56263160000000e-23
-9.89970370000000e-24
-2.32487760000000e-23
-8.25532550000000e-24
-4.50126730000000e-23
2.14622260000000e-23
1.70756630000000e-23
9.91783170000000e-24
6.04092930000000e-23
-1.86325930000000e-23
-4.76738790000000e-24
1.49631110000000e-23
6.78035630000000e-23
1.29261530000000e-23
2.33152890000000e-23
-6.53527970000000e-23
-4.48961550000000e-23
-5.70525880000000e-23
4.16830410000000e-23
5.98517500000000e-23
4.76039830000000e-23
6.99934610000000e-25
6.69430130000000e-23
2.94673640000000e-23
-2.33579460000000e-23
1.19371700000000e-23
7.18077440000000e-23
2.53254410000000e-23
1.10758520000000e-22
-3.74343850000000e-23
4.40659180000000e-23
-8.62293560000000e-23
4.11238490000000e-23
-3.47084400000000e-23
-8.58709370000000e-24
1.65460780000000e-23
1.51266030000000e-23
-2.64724440000000e-23
-3.04070370000000e-23
-1.44977010000000e-23
3.40466370000000e-23
-3.52738740000000e-23
7.53314430000000e-24
1.78815620000000e-23
1.53720550000000e-23
-2.39465070000000e-23
-4.71907810000000e-23
4.20263560000000e-23
2.88240770000000e-23
2.12319130000000e-23
-4.98985030000000e-23
-2.55878560000000e-23
2.26861910000000e-23
4.78063440000000e-23
4.38750160000000e-23
2.41540460000000e-23
-1.11175440000000e-23
-2.64446790000000e-23
6.22837750000000e-23
3.16952060000000e-23
-3.66195400000000e-23
1.08882430000000e-23
-5.18895850000000e-24
-4.72928780000000e-23
-1.95167820000000e-23
1.48291360000000e-24
5.35705620000000e-23
-5.53748490000000e-24
-3.27249120000000e-23
-2.77021680000000e-23
-5.66811540000000e-23
2.50987930000000e-24
3.56660880000000e-23
3.49484480000000e-23
-1.03395630000000e-23
-1.77179630000000e-23
-1.85183580000000e-23
-3.14259460000000e-23
-8.99719970000000e-24
8.97906150000000e-24
6.30722450000000e-23
2.91987900000000e-24
-1.41533680000000e-23
4.04406550000000e-23
1.96655670000000e-23
-4.18791340000000e-24
-1.48209110000000e-23
5.82316290000000e-24
-2.97909420000000e-23
1.80163340000000e-23
1.47730900000000e-23
3.10086030000000e-24
-3.51723190000000e-23
-5.94231030000000e-24
5.68078030000000e-23
1.19812430000000e-23
-2.41779960000000e-23
7.30494120000000e-23
3.64103150000000e-23
-3.97779180000000e-23
9.72074450000000e-24
2.49693860000000e-23
-2.23227360000000e-24
2.96977670000000e-23
-5.20538680000000e-24
-5.31503640000000e-23
-2.45671970000000e-24
1.81204740000000e-23
2.86954640000000e-23
-2.45817530000000e-23
-4.89358910000000e-23
-1.56709570000000e-23
4.56860030000000e-23
5.14033520000000e-26
2.72907990000000e-23
1.15144340000000e-23
7.80771410000000e-24
4.98550480000000e-23
-7.77487130000000e-24
-3.96941910000000e-24
2.96473950000000e-23
-8.55406370000000e-25
-1.02084340000000e-22
-5.00962500000000e-23
-2.46973790000000e-23
4.63213340000000e-23
1.38247080000000e-24
-1.07489760000000e-23
-7.53707990000000e-23
3.14913000000000e-23
-1.90113950000000e-23
-2.51568580000000e-23
-4.89968450000000e-24
7.72830700000000e-23
3.55301190000000e-23
-3.53517820000000e-23
2.41030270000000e-23
3.69790170000000e-23
7.67263930000000e-23
-6.29282680000000e-23
-2.80849030000000e-23
1.16498490000000e-23
-3.19676470000000e-23
-1.09598830000000e-22
-6.81133160000000e-23
4.58764760000000e-23
8.36584340000000e-23
1.97825450000000e-23
-8.69665170000000e-23
1.08601820000000e-23
-2.35421930000000e-23
-3.46310160000000e-23
-8.09717320000000e-24
5.34574670000000e-23
-5.42272320000000e-24
4.80793770000000e-24
-5.35547150000000e-24
-2.66982400000000e-23
2.59904600000000e-24
-3.99465090000000e-23
-1.29254240000000e-23
-4.28574930000000e-23
-6.13480730000000e-23
3.75878430000000e-23
9.59873680000000e-24
3.35407860000000e-23
9.53262650000000e-23
1.71730120000000e-23
-3.59491090000000e-23
-1.50396720000000e-23
6.44499370000000e-24
-1.74752170000000e-23
-2.11862720000000e-24
5.86878340000000e-23
1.40595250000000e-22
-8.88733880000000e-24
-2.42648840000000e-23
5.60020390000000e-23
-5.39511980000000e-23
6.35900660000000e-23
1.51223650000000e-23
9.21049620000000e-23
-7.31724840000000e-23
2.15726200000000e-23
-4.91765640000000e-23
-1.54451540000000e-23
5.82860490000000e-23
-2.58454680000000e-23
4.43828810000000e-23
6.64675510000000e-23
-1.36193400000000e-23
9.96876800000000e-24
7.98920830000000e-23
1.07421430000000e-22
-5.40867670000000e-24
1.17348780000000e-22
-4.65978760000000e-23
-1.12315890000000e-22
-3.49247710000000e-23
-5.24935700000000e-23
-8.54391560000000e-23
1.19030550000000e-23
1.26522720000000e-22
-2.26292600000000e-22
9.72603640000000e-24
8.26555110000000e-24
-1.37396780000000e-22
-4.36776680000000e-24
-5.08739530000000e-23
-3.75402020000000e-23
-4.37523970000000e-23
-1.08238170000000e-22
-2.22995820000000e-23
3.92949740000000e-23
-4.43744010000000e-23
2.69706890000000e-23
7.63657980000000e-23
-1.07819890000000e-22
-5.14353190000000e-23
1.28610640000000e-22
-1.37576300000000e-22
9.27150560000000e-23
1.16841800000000e-22
-2.53813850000000e-23
-4.84976560000000e-23
3.58777800000000e-23
-4.80152730000000e-23
1.51234370000000e-22
-3.43840670000000e-23
-1.94560180000000e-22
-6.87571940000000e-23
4.08011210000000e-23
-3.34510390000000e-23
-5.61861090000000e-24
8.10356000000000e-23
-2.11224430000000e-23
8.80999210000000e-23
5.10011340000000e-23
-8.85690290000000e-23
-1.38866680000000e-22
-8.06986170000000e-24
-2.67501360000000e-23
8.39435800000000e-23
8.09008970000000e-23
9.40856080000000e-23
-1.30320040000000e-22
6.43645530000000e-23
-9.70332810000000e-23
-8.73420850000000e-23
2.57801080000000e-22
3.28296780000000e-24
-6.96416990000000e-23
7.92948120000000e-23
-9.47949730000000e-23
-2.12099170000000e-22
1.04401020000000e-22
1.74758970000000e-22
-7.63690630000000e-24
8.15264170000000e-24
-1.11926980000000e-22
-2.86103760000000e-23
2.92106630000000e-23
1.53713130000000e-23
2.80835150000000e-23
6.23931330000000e-24
1.39921900000000e-22
-1.43996880000000e-23
-5.75030550000000e-22
5.36345040000000e-22
5.56271310000000e-23
-3.10497680000000e-22
-4.70112770000000e-22
-8.09602140000000e-23
-2.03444030000000e-22
1.70184110000000e-22
1.92135470000000e-22
-1.57859810000000e-22
-1.46716200000000e-22
1.11365650000000e-23
-5.40157230000000e-23
-2.34908150000000e-22
2.13110250000000e-22
-2.32487960000000e-22
3.88699470000000e-22
6.13163620000000e-23
-8.69815670000000e-22
4.96476140000000e-23
1.27295670000000e-23
-3.82864140000000e-22
4.73431350000000e-23
8.66185430000000e-23
-9.18883810000000e-23
1.05868070000000e-22
-1.21279200000000e-22
-1.76973890000000e-22
6.21554150000000e-23
-1.57515840000000e-22
-8.15499990000000e-23
1.71218220000000e-22
1.17866080000000e-22
1.50035120000000e-22
-3.77781610000000e-22
3.08635920000000e-23
-8.28869440000000e-23
-4.56870320000000e-23
-6.37231000000000e-23
3.05469000000000e-22
2.68146470000000e-22
-3.33812510000000e-23
-8.58317970000000e-23
-1.50790010000000e-22
-6.50893300000000e-23
1.89069490000000e-23
1.64917250000000e-24
2.39696770000000e-22
-3.47758220000000e-23
-7.91645150000000e-24
-1.93150140000000e-23
3.20651390000000e-24
-9.71663850000000e-23
1.05833730000000e-22
7.49670650000000e-23
-9.35988230000000e-23
-1.59450590000000e-22
-3.89114910000000e-23
1.66015780000000e-22
1.21669960000000e-22
-4.01604430000000e-23
1.88644300000000e-22
-7.56690750000000e-23
-3.12367350000000e-22
-2.15560910000000e-22
1.18353450000000e-22
3.18674400000000e-22
-1.09751420000000e-22
1.35162520000000e-22
6.19383980000000e-23
1.46027760000000e-22
-2.55278650000000e-22
2.69439850000000e-25
-2.08838840000000e-22
-2.36124380000000e-22
9.71780250000000e-23
1.94851600000000e-22
-1.90716300000000e-22
-3.72206130000000e-23
4.50566140000000e-22
-1.88387180000000e-22
-5.12887120000000e-23
3.89745350000000e-23
4.08449600000000e-23
-2.83640580000000e-22
-2.36081920000000e-22
1.49570980000000e-22
1.17889100000000e-23
-1.52875520000000e-23
-9.49545290000000e-23
2.55673170000000e-23
-1.42691990000000e-22
1.18372590000000e-23
1.87125440000000e-22
-3.17027320000000e-22
-3.37102480000000e-22
4.41549620000000e-22
-2.28610700000000e-22
-3.78860120000000e-22
3.79439490000000e-22
-6.39324140000000e-23
-3.25325400000000e-22
-3.77652250000000e-22
-1.60167790000000e-22
2.84741460000000e-23
1.12798060000000e-23
-3.50993510000000e-22
-2.09893270000000e-22
-1.23513290000000e-22
5.03266030000000e-22
-4.86514950000000e-23
-7.43096890000000e-23
2.40978680000000e-22
3.21718760000000e-22
2.80881160000000e-22
6.12365790000000e-23
1.88916010000000e-22
-1.12691140000000e-22
3.61383980000000e-22
-6.48655260000000e-22
1.49431370000000e-22
-4.40455490000000e-23
3.93540880000000e-22
2.89309050000000e-22
-2.65723740000000e-23
1.66763160000000e-22
1.99325890000000e-22
2.15288660000000e-22
9.68213160000000e-23
9.33526650000000e-22
1.54693970000000e-21
7.46661350000000e-23
-4.02363970000000e-22
-2.21084410000000e-22
4.64078420000000e-23
1.53328840000000e-22
1.58336630000000e-22
-6.04619450000000e-24
4.61120320000000e-22
8.63940730000000e-25
-5.62066990000000e-22
-9.38823010000000e-23
-1.38869360000000e-22
3.18748450000000e-22
2.35046030000000e-22
4.03197230000000e-22
7.44320770000000e-22
1.07218140000000e-21
1.94193240000000e-22
-4.22706370000000e-22
-3.49758240000000e-22
3.49599910000000e-22
7.12555310000000e-22
-4.37955520000000e-22
5.93288820000000e-22
5.26563580000000e-22
-5.16128570000000e-24
2.63530140000000e-22
2.72498870000000e-22
-7.15781810000000e-22
1.06128830000000e-22
8.45653600000000e-23
-8.21069870000000e-22
-7.73071610000000e-22
-1.00738120000000e-23
-6.41894490000000e-22
1.30965240000000e-21
1.90690920000000e-22
-7.50776180000000e-23
-5.41398110000000e-23
-3.45252280000000e-22
-6.65461740000000e-25
-8.27478990000000e-23
6.84633860000000e-22
-2.18833660000000e-23
8.69306210000000e-22
8.50730140000000e-22
-3.50276970000000e-22
-6.80096520000000e-22
-9.13936170000000e-22
3.35467690000000e-22
-4.39144640000000e-22
9.98913510000000e-22
-3.39965800000000e-22
-1.34972190000000e-22
9.19312280000000e-22
-7.58527870000000e-22
3.42732560000000e-22
8.63578530000000e-22
3.89697080000000e-22
-4.51029370000000e-22
1.14443750000000e-21
-4.11791160000000e-22
-5.18081760000000e-23
2.18381490000000e-21
-7.91499980000000e-22
-1.91870570000000e-22
2.59178770000000e-22
-8.86187700000000e-22
-1.09025680000000e-21
1.03227700000000e-21
-9.01144610000000e-22
8.55154250000000e-22
1.13148810000000e-21
-1.09561050000000e-21
-1.42442880000000e-21
1.07363680000000e-21
-1.03377010000000e-21
8.41975010000000e-22
3.81111400000000e-23
8.90484470000000e-22
-1.33422170000000e-21
-3.85357860000000e-22
-2.59798100000000e-22
-4.44366270000000e-22
-1.56188650000000e-22
-5.97165640000000e-22
1.77236230000000e-21
2.99002940000000e-22
-8.53628660000000e-22
1.02333490000000e-21
5.30046320000000e-22
1.10921670000000e-21
2.69632690000000e-22
-5.25371360000000e-22
-1.20577560000000e-21
-3.21578440000000e-22
-1.19381680000000e-22
1.06085260000000e-22
-1.66304950000000e-21
-1.54061370000000e-21
2.78738320000000e-21
-1.60317560000000e-21
-1.67768200000000e-21
-6.62874640000000e-22
-1.06920890000000e-21
1.32393600000000e-21
7.37787280000000e-22
-1.85737860000000e-22
9.63493550000000e-22
1.95430690000000e-21
-3.68177170000000e-21
-1.32589090000000e-21
1.46371480000000e-22
-6.48240790000000e-22
-2.86985690000000e-22
4.95472520000000e-22
-2.30256800000000e-21
1.07903120000000e-21
-2.15814150000000e-21
-3.16435780000000e-21
2.36463120000000e-21
4.37248140000000e-22
2.15497830000000e-21
-1.74063280000000e-21
-3.08517290000000e-21
1.04221360000000e-21
4.36141990000000e-21
1.95354530000000e-21
-2.63666640000000e-21
-6.12596970000000e-21
1.60765510000000e-21
-2.65865370000000e-21
-7.05212080000000e-22
-2.73986050000000e-21
2.10250480000000e-23
-3.98079830000000e-21
2.03083120000000e-22
-1.32151470000000e-21
-1.64649510000000e-21
4.57432590000000e-21
2.24358410000000e-21
4.77503530000000e-21
-1.23096790000000e-21
4.11756250000000e-21
-1.73239030000000e-21
-4.72501040000000e-23
-4.05000300000000e-21
-2.42731500000000e-21
-1.27847430000000e-21
-1.00211480000000e-21
-3.55449840000000e-21
1.44150130000000e-21
1.65897610000000e-21
3.98078470000000e-22
-2.06071180000000e-21
-5.11560420000000e-22
-3.18662670000000e-22
1.02785950000000e-21
-9.43685130000000e-22
-2.23942010000000e-21
3.72588370000000e-21
-8.70832800000000e-22
-1.67715890000000e-22
1.55308180000000e-21
7.34493950000000e-22
9.17459380000000e-22
-5.12939140000000e-21
-3.31137170000000e-21
-1.83393920000000e-21
4.93037510000000e-21
-2.55820090000000e-21
2.60143570000000e-21
3.50901310000000e-21
-5.01777340000000e-21
-1.09890340000000e-21
-3.89030440000000e-21
-2.64764530000000e-21
1.01349900000000e-21
-7.43659200000000e-21
-4.24033090000000e-21
-6.03844680000000e-22
2.52329740000000e-21
-4.52796330000000e-21
-6.55308580000000e-22
1.41028410000000e-21
3.36757960000000e-21
-3.51202760000000e-21
-1.85245000000000e-21
-7.27272270000000e-21
2.98844190000000e-21
1.59669970000000e-20
1.82021600000000e-21
-2.75923430000000e-21
5.85524230000000e-21
-2.02789220000000e-21
-1.62609150000000e-21
9.77018210000000e-21
7.26496940000000e-21
-7.28361780000000e-21
3.61904490000000e-21
-1.89031000000000e-21
-1.15524940000000e-20
-3.24912500000000e-21
-5.80677600000000e-21
-2.72758240000000e-21
-1.88874490000000e-21
5.10113100000000e-21
-6.04247680000000e-21
-1.00847390000000e-21
7.20065140000000e-21
-2.90371590000000e-21
1.81435000000000e-20
-4.45910780000000e-21
-6.54563530000000e-21
1.38979750000000e-20
4.56727260000000e-21
-1.60482180000000e-20
1.12662090000000e-20
-1.48455940000000e-21
-1.16067270000000e-20
1.00363520000000e-20
1.31358010000000e-20
-4.61345660000000e-21
-2.41595450000000e-22
-3.00263440000000e-20
-1.52539930000000e-21
2.32771120000000e-20
1.37663960000000e-20
-9.86618510000000e-21
1.46340990000000e-21
-2.50378380000000e-21
-1.43209280000000e-20
2.96358370000000e-21
1.13025150000000e-20
-8.51120610000000e-21
-1.26664390000000e-20
3.55302390000000e-21
2.59162870000000e-20
1.80454810000000e-20
9.69251260000000e-22
-2.98917050000000e-20
4.72996640000000e-21
1.02894800000000e-19
1.15859890000000e-20
-2.06037170000000e-19
-5.62208420000000e-20
3.15810880000000e-19
1.64931750000000e-19
-5.18500130000000e-19
-4.05075480000000e-19
8.41207660000000e-19
9.91786470000000e-19
-1.04294610000000e-18
-2.32423010000000e-18
8.54262940000000e-19
5.01297200000000e-18
6.03336520000000e-19
-9.96556020000000e-18
-5.45939250000000e-18
1.87357830000000e-17
1.88940640000000e-17
-3.31802280000000e-17
-5.11646630000000e-17
5.46887420000000e-17
1.22486070000000e-16
-8.11303940000000e-17
-2.70543990000000e-16
9.91416570000000e-17
5.61375170000000e-16
-6.63712390000000e-17
-1.10205040000000e-15
-1.28396220000000e-16
2.04626850000000e-15
7.46356660000000e-16
-3.56991190000000e-15
-2.35628770000000e-15
5.75058740000000e-15
6.12702870000000e-15
-8.20543390000000e-15
-1.43305360000000e-14
9.16887710000000e-15
3.11426260000000e-14
-3.35881540000000e-15
-6.37590090000000e-14
-2.26208720000000e-14
1.23566510000000e-13
9.96384540000000e-14
-2.26298500000000e-13
-2.94071800000000e-13
3.88079620000000e-13
7.40662530000000e-13
-6.09617530000000e-13
-1.69847950000000e-12
8.30862740000000e-13
3.63791340000000e-12
-8.18309830000000e-13
-7.35677830000000e-12
-9.15409990000000e-14
1.40869830000000e-11
3.53918150000000e-12
-2.54506500000000e-11
-1.32449010000000e-11
4.28722790000000e-11
3.71154580000000e-11
-6.54824660000000e-11
-9.10408800000000e-11
8.43352860000000e-11
2.05267860000000e-10
-6.83213310000000e-11
-4.34069290000000e-10
-6.74902680000000e-11
8.67989690000000e-10
5.28692580000000e-10
-1.64302730000000e-09
-1.77508740000000e-09
2.92775200000000e-09
4.77327380000000e-09
-4.83707240000000e-09
-1.14460660000000e-08
7.14921240000000e-09
2.54125110000000e-08
-8.55094760000000e-09
-5.30731070000000e-08
4.83540130000000e-09
1.04879470000000e-07
1.50869460000000e-08
-1.95949590000000e-07
-7.74926350000000e-08
3.43420400000000e-07
2.40187530000000e-07
-5.53775300000000e-07
-6.22857710000000e-07
7.84339260000000e-07
1.45978750000000e-06
-8.44635940000000e-07
-3.18365330000000e-06
1.67686700000000e-07
6.54106420000000e-06
2.68290200000000e-06
-1.27083060000000e-05
-1.10111200000000e-05
2.32840700000000e-05
3.18926160000000e-05
-3.98119720000000e-05
-7.95832320000000e-05
6.19886090000000e-05
1.81179260000000e-04
-8.26825220000000e-05
-3.85087340000000e-04
7.58746050000000e-05
7.71543970000000e-04
3.01268110000000e-05
-1.46003620000000e-03
-4.08110630000000e-04
2.59706490000000e-03
1.43934510000000e-03
-4.28252700000000e-03
-3.90710300000000e-03
6.34453430000000e-03
9.32089100000000e-03
-7.79136720000000e-03
-2.04212340000000e-02
5.52767680000000e-03
4.19845480000000e-02
8.39196220000000e-03
-8.18979000000000e-02
-5.29146170000000e-02
1.52271340000000e-01
1.71377580000000e-01
-2.68276380000000e-01
-4.56687920000000e-01
4.38715970000000e-01
1.08061650000000e+00
-6.51034020000000e-01
-2.65705080000000e+00
7.96733150000000e-01
6.93488750000000e+00
-4.95595570000000e-01
-2.17923360000000e+01
-3.39192920000000e+00
7.37880720000000e+01
3.03962880000000e+01
-2.47194730000000e+02
-2.00120080000000e+02
4.06815940000000e+02
3.99452840000000e+02
-8.99271340000000e+02
-1.96042880000000e+03
6.24885510000000e+02
2.67214760000000e+03
6.54304040000000e-03
0.00000000000000e+00
1.82816780000000e-01
0.00000000000000e+00
